0.501637 0.859055
0.360761 0.762015
0.501281 0.862041
0.501637 0.859055
0.501604 0.862819
0.205588 0.476353
0.352959 0.257071
0.512754 0.735310
0.193733 0.298879
0.510741 0.630964
0.506792 0.702716
0.512628 0.739219
0.000000 -100.000000
0.080137 0.512484
0.272076 0.530032
0.377927 0.401307
0.145042 0.279561
0.248478 0.407596
0.092518 0.671851
0.509777 0.586893
0.504725 0.710832
0.491735 0.587054
0.018171 0.040264
0.493987 0.539560
0.212089 0.791324
0.278315 0.778019
0.509585 0.598880
0.181263 0.818116
0.048528 0.101364
0.201953 0.394204
0.454885 0.649187
0.414114 0.759601
0.401004 0.401957
0.241938 0.567000
0.369306 0.614393
0.289431 0.425195
0.024015 0.153576
0.476368 0.763629
0.490917 0.889781
0.277442 0.509946
0.502147 0.866142
0.475868 0.759650
0.214325 0.557371
0.000000 -100.000000
0.410777 0.811037
0.516047 0.910788
0.221469 0.504160
0.506857 0.873049
0.074112 0.159705
0.000000 -100.000000
0.474339 0.881880
0.465318 0.762993
0.511007 0.646993
0.515420 0.940370
0.488613 0.825317
0.515463 0.878319
0.513219 0.810922
0.514438 0.855790
0.467614 0.862613
0.457752 0.871406
0.343015 0.690106
0.448316 0.745881
0.475559 0.736081
0.492848 0.716399
0.507130 0.766260
0.462115 0.714659
0.131219 0.288068
0.468834 0.700838
0.005747 0.043478
0.113176 0.212182
0.257710 0.497559
0.248466 0.503753
0.294459 0.678423
0.397428 0.597663
0.281400 0.688704
0.279714 0.688283
0.511234 0.685739
0.507749 0.864715
0.170483 0.573608
0.441068 0.855364
0.402230 0.835130
0.401570 0.832818
0.031284 0.125395
0.376620 0.688366
0.439219 0.876547
0.373959 0.801617
0.226584 0.715479
0.463233 0.866698
0.493407 0.657267
0.451106 0.820584
0.461874 0.868238
0.504147 0.831705
0.504147 0.831705
0.429704 0.850589
0.434258 0.875970
0.022436 0.260870
0.254700 0.341418
0.509512 0.525537
0.018758 0.156448
0.501096 0.601962
0.496101 0.533839
0.465842 0.508350
0.133905 0.167301
0.289927 0.347850
0.000000 -100.000000
0.503381 0.554114
0.033032 0.094701
0.394027 0.590926
0.360789 0.509405
0.113050 0.141487
0.473277 0.801882
0.386232 0.785307
0.213736 0.442226
0.274877 0.529136
0.176434 0.511823
0.203725 0.504521
0.397703 0.435025
0.508861 0.605873
0.490487 0.649693
0.508386 0.472489
0.506166 0.892442
0.505007 0.923763
0.503408 0.902103
0.512160 0.905645
0.486652 0.837374
0.503079 0.898173
0.515761 0.904509
0.503728 0.901028
0.471346 0.874469
0.494184 0.947667
0.516883 0.937944
0.454824 0.906197
0.516951 0.953704
0.516330 0.956192
0.516785 0.939217
0.516353 0.932820
0.000000 -100.000000
0.516672 0.943501
0.516535 0.938912
0.516535 0.938912
0.492394 0.983444
0.516368 0.933327
0.477176 0.783311
0.496767 0.956755
0.496417 0.955276
0.499104 0.974578
0.502705 0.917030
0.511603 0.934172
0.515290 0.923584
0.474344 0.841567
0.497176 0.869114
0.508884 0.890096
0.480533 0.860998
0.515673 0.876162
0.482658 0.836165
0.479964 0.820959
0.494128 0.873198
0.491895 0.935979
0.457099 0.886963
0.496464 0.892128
0.471823 0.833449
0.516722 0.951620
0.516475 0.944123
0.510297 0.903085
0.516485 0.940706
0.448481 0.973535
0.448481 0.973535
0.517440 0.942689
0.499938 0.901959
0.471253 0.883434
0.481512 0.861757
0.452647 0.948257
0.514696 0.895950
0.512422 0.734621
0.510408 0.796461
0.482165 0.760895
0.514884 0.918712
0.488674 0.947582
0.514444 0.910356
0.510371 0.866038
0.382079 0.737066
0.382401 0.797498
0.383153 0.763490
0.511428 0.866446
0.513689 0.907042
0.485694 0.943522
0.510813 0.894922
0.123252 0.571937
0.062217 0.144961
0.362085 0.624062
0.478355 0.942104
0.479818 0.934046
0.511619 0.873691
0.478616 0.942304
0.500131 0.716664
0.479464 0.935214
0.478616 0.942304
0.515248 0.876408
0.515619 0.888215
0.384603 0.502768
0.473914 0.960712
0.514476 0.858110
0.428592 0.928865
0.111749 0.402026
0.457538 0.926812
0.457538 0.926812
0.428679 0.931715
0.479703 0.920545
0.476218 0.950913
0.453574 0.873815
0.461261 0.873410
0.461261 0.873410
0.461261 0.873410
0.459875 0.850489
0.445653 0.908809
0.444706 0.903238
0.445490 0.902686
0.444837 0.903971
0.453650 0.951586
0.080032 0.502147
0.450275 0.920923
0.383364 0.834414
0.425827 0.852243
0.451868 0.935110
0.451560 0.964585
0.448141 0.902063
0.451559 0.928206
0.447169 0.913413
0.445739 0.905399
0.445739 0.905399
0.446908 0.903976
0.451089 0.925525
0.441648 0.891214
0.437752 0.873248
0.312883 0.753290
0.448871 0.920903
0.439884 0.958166
0.438553 0.815775
0.403263 0.741516
0.437411 0.946164
0.436370 0.940536
0.434978 0.933139
0.436315 0.938125
0.466089 0.902421
0.462842 0.891093
0.436370 0.940536
0.436370 0.940536
0.436370 0.940536
0.436202 0.939635
0.436388 0.941683
0.436388 0.941683
0.017689 0.097413
0.435111 0.934908
0.449247 0.910951
0.448926 0.925723
0.462842 0.891093
0.434995 0.934290
0.435111 0.934908
0.449250 0.897083
0.206730 0.611583
0.434782 0.807105
0.453122 0.875580
0.504370 0.914249
0.462820 0.940614
0.461760 0.888575
0.471072 0.889174
0.467354 0.858384
0.365101 0.718063
0.444927 0.875364
0.467837 0.812600
0.449634 0.836318
0.450289 0.903006
0.456438 0.892421
0.450261 0.902845
0.415368 0.764347
0.450415 0.903729
0.450466 0.901993
0.251154 0.421576
0.474698 0.948501
0.473656 0.942739
0.474810 0.944189
0.362583 0.781819
0.509124 0.960909
0.508005 0.953764
0.489719 0.889725
0.464879 0.831793
0.466804 0.840087
0.513811 0.769431
0.507889 0.863113
0.517241 0.973913
0.508024 0.906598
0.463547 0.933305
0.516951 0.948721
0.399622 0.754773
0.515753 0.968266
0.473302 0.899477
0.515235 0.930341
0.515197 0.956107
0.495874 0.926423
0.515967 0.971427
0.507606 0.873439
0.471264 0.978791
0.471264 0.978791
0.477750 0.936912
0.211864 0.754881
0.511619 0.887915
0.387552 0.732359
0.296060 0.804269
0.512342 0.982664
0.516865 0.972663
0.170999 0.581640
0.197115 0.335991
0.499268 0.981992
0.447677 0.921021
0.513190 0.927548
0.516539 0.958614
0.463003 0.923365
0.185320 0.451067
0.461820 0.925846
0.507391 0.672580
0.495193 0.886098
0.474071 0.607175
0.515978 0.919903
0.434272 0.862374
0.414522 0.889574
0.513151 0.746521
0.473821 0.723566
0.305553 0.629125
0.495708 0.774765
0.423300 0.665067
0.490372 0.833691
0.490994 0.829162
0.494242 0.810941
0.296597 0.660169
0.257054 0.546837
