1100575057
1368925191
-1954981176
2119914675
-1315560507
1904423084
131248172
1344643539
-1488927668
1203520303
-857166146
1204989573
1535258624
372307957
-863985257
1713515349
-1645690509
-437613673
-845809952
53170013
-29899246
874286192
997261503
246507484
-331161974
49202787
-1750678999
-305623760
1694381107
1445904577
-425122846
-1299711795
1502524590
-2111986947
1115127297
-1424721679
1179130629
250950787
1260457236
-1221234863
1976757233
1594506396
626561140
1330169063
-1914732773
-513622753
2111372138
-178625804
1105724140
2139981688
-1364349475
-1113554751
1040804920
556450553
1705003890
1953010234
-96756159
-1038179358
551349698
-898696940
-653534977
-1872138883
1938676554
-936898703
-1293230630
1753291314
-1392479666
-2058457899
1218260101
523320238
-208742392
321249291
-789189
296696607
1712572610
-1763317878
-398758718
-1199508913
44364769
1233482479
329675185
-1550455440
-559421585
1779896286
-928180869
-1188634688
-76198765
1628188621
-745805525
-1707246033
-1782831938
-314642813
-554092432
1797078120
133848742
920069365
-580406699
1786605525
74
