0.134690
0.421862
0.389839
0.108783
0.155602
0.178743
0.107388
0.431905
0.897328
0.901541
0.897108
0.770577
0.780916
0.794170
0.814118
0.700759
0.718082
0.721656
0.920138
0.906859
0.909942
0.917804
0.919194
0.886449
0.911652
0.910661
0.857631
0.910130
0.377392
0.357296
0.079319
0.166478
0.193413
0.096173
0.387588
0.902689
0.907084
0.902746
0.775950
0.786863
0.806233
0.814185
0.701130
0.721212
0.721364
0.923508
0.910096
0.913374
0.921694
0.923104
0.890404
0.915534
0.914753
0.862453
0.912895
0.074516
0.310804
0.310088
0.296777
0.318316
0.068040
0.917103
0.921848
0.918774
0.792812
0.800091
0.828038
0.811640
0.678431
0.718217
0.699229
0.934305
0.920214
0.923873
0.932272
0.933697
0.900883
0.926284
0.925688
0.872534
0.925703
0.298535
0.302892
0.285625
0.305685
0.009967
0.903842
0.908609
0.904408
0.779549
0.786597
0.802488
0.781957
0.643367
0.674235
0.665260
0.925000
0.910839
0.914253
0.922801
0.924123
0.891044
0.916453
0.915774
0.861752
0.914047
0.121985
0.150076
-0.011484
0.330625
0.887563
0.892460
0.887129
0.759434
0.770533
0.783445
0.789562
0.676460
0.696177
0.691256
0.913568
0.900357
0.904029
0.911537
0.912828
0.880052
0.904555
0.904571
0.851273
0.902076
0.010349
0.128006
0.331518
0.829878
0.832574
0.826814
0.702320
0.715776
0.698560
0.714426
0.600357
0.610074
0.602111
0.878639
0.865331
0.865288
0.874349
0.875471
0.840565
0.867291
0.865228
0.805061
0.855812
0.159725
0.324098
0.839024
0.842188
0.837548
0.713525
0.721274
0.700147
0.714124
0.590207
0.602598
0.604833
0.883094
0.869345
0.868134
0.878057
0.879202
0.844695
0.871899
0.869069
0.809093
0.861216
0.337117
0.890368
0.895239
0.890075
0.763604
0.774222
0.788760
0.794314
0.679981
0.701335
0.697257
0.915538
0.902294
0.906319
0.913628
0.914927
0.882169
0.906641
0.906429
0.852960
0.904593
0.916184
0.921123
0.918602
0.794116
0.799199
0.828284
0.805913
0.672137
0.707243
0.692750
0.933931
0.919919
0.923959
0.932322
0.933784
0.901203
0.925927
0.925611
0.872844
0.924725
0.450645
0.416722
0.637481
0.628637
0.837698
0.898670
0.809758
0.864226
0.890378
0.862576
0.832308
0.847897
0.859865
0.864380
0.773835
0.845086
0.849649
0.727152
0.794396
0.148344
0.651598
0.670612
0.845363
0.905219
0.816216
0.872503
0.896148
0.878651
0.849883
0.866116
0.875466
0.880381
0.796970
0.853357
0.866557
0.746824
0.828853
0.653487
0.669634
0.833391
0.901613
0.811694
0.866039
0.892869
0.881136
0.853095
0.869420
0.877361
0.881439
0.800168
0.858566
0.868735
0.752275
0.832530
0.448911
0.685794
0.739008
0.672132
0.715235
0.741120
0.695404
0.666336
0.674189
0.710210
0.712497
0.611419
0.692303
0.701992
0.577674
0.676514
0.692298
0.739113
0.656202
0.712883
0.743554
0.694108
0.670959
0.672929
0.695263
0.697397
0.598892
0.688100
0.689359
0.563949
0.659015
0.734134
0.615130
0.675264
0.713142
0.898918
0.879915
0.884489
0.895647
0.897657
0.849337
0.887393
0.882601
0.802839
0.871216
0.244931
0.450576
0.594017
0.928723
0.911075
0.915991
0.927057
0.929008
0.886099
0.917847
0.917858
0.845673
0.914495
0.326732
0.472654
0.880488
0.863831
0.862940
0.876021
0.877246
0.834112
0.865446
0.862901
0.785703
0.852008
0.540437
0.906691
0.889118
0.892937
0.905016
0.906397
0.864913
0.896622
0.895202
0.824865
0.888421
0.922571
0.906221
0.909497
0.919927
0.921568
0.882872
0.912387
0.910876
0.846290
0.907266
0.139034
0.557975
0.575546
0.607847
0.444047
0.629709
0.686856
0.501713
0.796170
0.486469
0.503381
0.534674
0.376682
0.557457
0.634123
0.488677
0.753605
0.601504
0.624044
0.444231
0.653369
0.651597
0.504180
0.773966
-0.007911
0.312200
0.532842
0.533704
0.460447
0.763739
0.325934
0.557459
0.536317
0.470973
0.768548
0.459373
0.482413
0.380377
0.678870
0.634672
0.512722
0.783843
0.493839
0.746007
0.635403
