1012120010001100000011211111110111000111011110110001101110100100101011111011101110010120111111111110110111
1000111101111011010011211111110111100111011110110001111112102120110200110001000000010100111111111110111011
1212122112121112221111211111112111001111211112111000010110110101100000110101010000010111111111111111101111
0000114110111011010011211111110111000111011110110001101110100100121110011100111011111011000111100000001010
0111000110010110020011211111110111110111011110110110010110100100101010111101111011000100210101011111101111
0000110110111010001111211111112111001111211112111000010110110101100000110101010000010111011111111111121111
1002101011011001110011211111110111000111011110110001101110100100101010111101111010202101011000011112112111
1222111111111211111111211111112111221111211112111221121111111111121111111111111112212121111111111112112111
1222111111111211111111211111112111221111211112111221111112112121112200110001000000010100000111100000001010
1222111111111211111111211111112111221111211112111221111112112121112222112001000222210100011000011110100111
1000111101111011001111211111112111001111211112111000000111111111121111111110111110010101111111111110100111
0000110110111011010011211111110111110111011110110110010110100100121111111112111111111111111111111111121111
0110100010011101012211211111111111112111111111112111111112122122111210111000101011000100011000011110110111
1010100110000110021111211111112111221111211112111221111112112121112222112121212222212111011000011110110111
0110100010011101012211241111111111112111111111112111111444122122101010111100141011000100010104011110100101
1010100110000110021111211111112111001111211112111000011110110101100000110100010000010111211222211112110011
1000111111010011101111211111112111221111211112111221101110110101100000110101010002212101011000011112112111
2111100010011101012211211111111111112111111111112111111112122122101010111100111011000100010101011112112101
1000111111010011100011211111110111000111011110110001101110100100101011111011101110010100111111111111111010
0111110100111111210011211111110111000111011110110001111112102120100000110100010000010111111111111111101111
1222111111111211111111211111112111221111214112111221120000010001101010001101111010010001000111100002112111
1000111111111211111111211111112111221111211112111221111110102120100000110100010000010111111111111111121111
0110100010011101012211211111111111112111111111112111110000002020111202000121010200010100000111100000011212
0110100010011140000011211111110111110111011110110110010110100100101010111101111011000111211000011110100111
0000114110111010001111211111112111001111211112111000010110110101100000110101010000010111011111111111121111
0000110110111011010011211111110111000111011110110001101110100100101011111011101110010101111111111110100111
0111110110010111000011211111110111000111011110110001101110100100121111111110111110010101111111111110100111
1010100110000110021111211111112111221111211112111221101110110101100000110100010002212100010101011112112101
1222111111111211111111211111112111221111211112111221121111111111121111111011101110010120111111111110110010
0110100010011101012211211111111111112111111111112111111112122122101010111100111011000111011000011110100111
1110101011210101100011211111110111000111011110110001111112102120110200110001000000010100011000011110110111
0000110110111011010011211111110111000111011110110001111112102120100000110100010000010111111111111111121111
1110101011210101100011211111110111000111011110110001111112102120110200110001000000010111011000011110100111
1010100100101110200011211111110111000111011110110001111112102120110200110211121010011122111111111111101111
1010100100101110200411211111110111110111211110110110010110100100101011111011101111111100111111111111111111
1110101001011101012211211111111111112111111111112111111112122122111210111001101011000122010101011110110101
1000111111010011101111211111112111221111211112111221101110110101100000110100010000010111011000011110100111
1012120010001100000011211111110111000111011110110001111112102120110200110001000000010111111111111111101111
1000111101111011010011211111110111000111011110110001111112012021110202000121010200010011000111100000100111
1110101011210101100011211111110111000111011110110001111112102120110202110001101200200100011000011110100111
0010120010001100001111211111112111221111211112111221111110110101010000110001000000010011210000000002010011
1012120010001100000011211111110111110111011110110110010110100100101011111011101110010120111111111111110101
0010102112101112221111211111112111111111211112111112212111111111121111111112111111111111111111111111121111
1000111111010011101111211111112111221111211112111221101110110101100000110101010002212101111111111110110111
0111000110010111000011211111110111000111011110110001111112102120100000110100010000010111111111111110111011
1012120010001100000011211111110111000111011110110001111112102120110200110001000000010100111111111111110101
0000110110111010001111211111112111001111211112111000000111111111121111111111111110010101011111111110100111
1002101011011001110011211111110111000111011110110001101110100100101011111211121111111122111111111111110000
2111100010011101012211211111111111112111111111112111111114122122111200110001000000010100111111111111101111
2111112112111111212211211111111111112111111111112111111112122122121111111112111111111111111111111111101111
1002101011011001110011211111110111000111011110110001101110100100101010011100111011111011111111111111101011
0000101011011001110011211111110111000111011110110001101110100100101012011100111011111011000111100000001010
1012120010001100000011211111110111110111011110110110010110100100101011111010101111111100111111111111101111
0000110110111011010011211111110111000111011110110001101110100100121111111010101111111100111111111111101010
1212122112121112221111211111112111001111211112111000010110110101100000110101010000010111111111111111101111
1000111111010011101111211111112111221111211112111221101110110101100000110101010002212101011000011112112111
0000110110111011010011211111110111000111011110110001111112102120100000110102010000010111111111111111121111
1222111111111211111111211111112111221111211112111221111112112121112222112121212222212111011000011110100111
1112121211211121110011211111110111000111011110110001111110102420110202110121010200202100010101011110110101
0000110110111011010011211111110111000111011110110001101110100100121111111110111110010101010111100002010010
0000110110111011010011211111110111000111011110110001111112102120100000110100010000010110111111111111101010
1110101011210101102211211111111111112111111111112111111112122122111210111001101011000100011000011110110111
1112121211211121112211211111111111112111111111010111010002002020111212011121111211000000212101000002010001
1012120010001100001101000001000001111011201112111110210111111111121111111111111112212121111111111112110011
0111000110010111000001000001101001110001110001010111010002002020101011111112111111111111111111111111121111
1000111101111011011010011110110110001110010100101021121111111111121111111100111010010111011000011110110111
0000110110111010001101000001100001001001010000011001000000010001101010011001101011111000000111100000011212
1110101011210101101101000001100001001001010000011001010002012021110202110121010200202100010101011112110001
2111112112111110200001000001101001110001110001010111010002002020111211111110111110010100111111111111101111
0010102112101110200210011110111110110110110101100101010002002020101010001100111011111101111111111110101011
0110100010011120000210011110111110110110110101100101101110100100101011111010101111111100111111111111101111
0111110110010110020001000001101001110001110001010111010002002020111211111010101111111100111111111111100101
1110101011210101100001000001001001110011001110110111010110100100011010111401101011000122010101011110110000
1110101011210101100001000001001001110011001110110111010110100100011010111001101011000100011000011110110111
1110101011210101100001000001001001110011001110110111010110100100011000110001000000010100011000011110112101
1010100110000110021101000001000001001011201112111001010110110101010022112121212222212111111111111111111111
1110101001011101010210011110111110110110110101100101101110100100101010111100111011000100010101011110100101
2111112112111110200210011110111110110110110101100101101110100100101011111011101111111100111111111110011010
0111110110010111000001000001001001110011001110110111010110100100001111111010101111111110111111111111100111
1110021011210101100001000001101001110001110001010111010002102120100000110100010000010111011000011110100111
1010100110000110021101000001000001111011201112111110212111111111001100110101010000010111111111111111101010
0110100010011140000001000111101001110001110001010111010002002020111210011001101011111102111111111111111111
0010100100101110201010011110110110111110010100101100000111111111121111111010101111111100010111100000021111
1000001111010011101101000001100001001001010000011001014002012021110200110100010000010111011111111111101111
1111111101010111000001000001001001110011001110110111010110000100011010111001101011000122010101011110110000
1000111101111011011010011110110110001110010100101021121111111111121111111110111110010101111111111110100111
1111111111212111121101000001100001001001010000011001011112112121112202010121010200012011200000000002010010
1000111101111011011010011110110110001110010100101021121111111111121111111110111110010101111111111112112111
0111110110010111000001000001001001110011001110110111010110100100001100110100010000010111111111111111101111
1000111101111011011101000001100001001001010000011001001111111111121111111111111112212121111111111112110011
0010102112101112221010011110110110111110010100101121121111111111121111111112111111111100111111111111111010
1110101011210101100001000001001001110011001110110111010110100100011010111001101011000100011000011110110010
0111110100111110201101000001100001111001010000011110210110110101100000110101010000010111011000011110101111
0111102112101112221101000001100001001001010000011001010002012021110202010121010200010011111111111111111010
1111111111212111121101000001000001001011201112111001010110110101010000110001000000010110011000011110112111
2111112112111142220001000001001001110011001110110111010110100100001111111010101111111100111111111111101010
1110101011210101100001000001001001110011001110110111010110100100011002110121010200202111211222211112110011
1110101001011101010210011110111110110110110101100101101110100100101010111100111011000111011000011110100111
1111001111212111121101000001100001001001010000011001010002012021110210011100111011110011000111100000001010
0111110110010110021101000001000001001011201112111001010110110101010010011001101011110000000111100000011212
1110021011210101100001000001101001110001110001010111010000010001011010001001101011111000000111100000110010
1000111101111011010001000001001001110011001110110111010110100100001111111010101111111100010111100000021111
1110024011210101140001004001101001110001110001010111010002002020111210001001104041111004014400011110110010
1202100110101010001010011110110110111110010100101100000111111111121111111110111110010101111111111110101011
0000111101111011011010011110110110001110010100101021101110110101100000110100040000010111211222211112111211
1000111101111011011101000001100011001001010000101021121111111111121111111110111110010101011111111110100111
2111112112111142221101000001000001111011201112111110212111111111001111111011101111111100111111111111101010
2111112112111114200001000001001001110011001110110111010110100100001111111010101111111100111111111111111212
1000111101111011011010011110110110001110010100101021121111111111121111111110111110010101111111111110100111
0111110100111111210210011110111110110110110101100101101110100100121111111112111111111111411111111111121111
1111111101010111000001000001001001110011001110110111010110100100011002110121010200202100210020211112112101
1110021011210101100001000001101001110001110001010111010002002020111212001121111211000011011000011110100111
1000111101111011011010011110110110001110010100101021121111111111121111111110111110010100111111111110110111
0000111101111011011010011110110110001110010100101021121111111111121111111010101111111100111111111111101010
2111112112111110200210011110111110110110110101100101101110100100101011111011101111111100111111111111101111
1002100010011140001101000001100001001001010000011001000000010001101011111110111110010101111111111110100111
0000110110111011010210011110111110110110114101100101101110100100101011111010101111111101011000011110110011
1000111111010011101101000001000001001011201112111001000111111111001111111011101100010120111111111110110010
0111110110010111000001000001001001110011001110110111010110100100001111111010101111111100111111111111101111
0010100100101110201010011110110110111110010100101100000111111111121111111110111111111111011000011110100111
0010102112101112221101000001100001111001010000011110210000010001101010011100111011111011000111100000011010
1110101001011101010210011110111110110110110101001101000000010001101010011100111011111011111111100000001010
1000111101111011011010011110110110111110010100101100000111111111121111111112111111111111111111111111121111
0111000140010111000001000001101001110001110001010111010002002020101011111112111111111111111111111111121111
1110101011210101101101000001100001001001010000011001010002012021110202000121010200010011011000011110110111
2111101001011101010210011110111110110110110101100101101110100100101010111100111000200100202101211112100101
0110121001011101010210011110111110110110110101100101101110100100101011111010101111111100111111111111100101
1000111111010011101101000001000001004011201112111001010110110101010000110001000000010100011000011110110010
1110021011210101100001000001101001110001110001010111010004002020111210111100111011000111011000011110100111
1111111121111111210210011110111110110110110101100101101110100100101011111010101111111100111111111111101010
1000111101111011011010011110110110101110010100101021101110110101100000110100010000010111111111111110111011
1000111101111011011010011110110110001110010100101021121111111111121111111010101111111100111111111111101010
1110001011210101100001000001001001110011001110110111010110100100011010111001101010202101011000011112112111
1010020110000110421101000001100001111001010000011110212000010001101010001101111010010001000111100002110011
1222111111111211111101000001100001001001010000011001010002012021110202000121010200010011111111111111101111
0111110100111110201101000001100001111001010000011110212004010001101010011101111010010001000111100002110011
1010100110000110021101000001100001111001010000011110212000010001101010011101111010012001000111011112110010
1112121211211121110210011110111110110110110111100101101110100100011011111010101111111100111111111111100101
1111111101010111000001000001001000110011001110110111010002002020111211111011101110010120111111111110110111
1222111111111211111101000001100001001001010000011001000001111111001100110101010002212101011000011112112111
1002101011011001110001000001001001110011001110110111010110100100011011111211121111111122010111100000001111
1000111111010011101101000001000001001011201112111001002004010001011010001100111011111010000114100000110010
0110100010011140000001000041001001110011001110011111212000010001011010011001101011111000010111100000011212
1000111111010011101101000001000001001011201112111001000111111111001100110001000000010100000111100000110010
1222111111111211111101000001000001001011201112111001000111111111001111111011101110010120010111100002010010
1111111111212111121101000001000001001011201112111001010110110101010000110001000000010100111111111111111010
1000111111010011101101000001000001001011201112111001000111111111001111111211121111111122111111111111111210
0000110110111011010001000001001001110011001110110111010110100100001111111010101111111100010111100000021111
1002101011011001111101000001000001001011201112111001000111111111001100110101010002212101111111111110110111
1010100110000110021101000001000001111011201112111110212111111111001111111010101111111100111111111111101010
1000111111010011101101000001000001001011201112111001000110112121112202010121010200012011222111122222211212
0000101011011001110001000001001001110011001110110111010110100100011010111001101011000122212101000000011010
0110100010011140000001000001001001110011001110110111010110100100011002110121010200202111011000011110100111
1000111001011101010210011110111110110110110101100101110111111111121111111110111111111111111111111111121111
1222111111111211111010011110110110001110010100101021121111110101100000110011101002210100111111111111101111
1000111101111011011010011110110110001110010100101021101110110101100000110100010001111111111111111111121111
0000110110111011010001000001001001110011001110110111010110100100001111111010101111111100010111100000021111
1002101011011001111010011110110110001110010100101021101110110101100000110100010000010111000111100000000101
0110100010011101010001000001101001110001110001010111010002004020101010011100111011111011000111100000000101
0000110110111010001010011110110110001110010100101021101110110101100000110101010000010111011000011110100111
0111110100111111210210011110111110110110110101100101101110100100121111111112111111111111111111111111121111
0110100010011140000001000001101001110001110001010111011110100100101010111101111010202101011000011110110111
1111001101010111000001000001101001110001110001010111010002002020111210001001101011111000011000011110110111
1010100110000110021101000001000001111011201112111110212111011111001111111011101111111100111111111111101010
2111112112111110200210011110111110110110110101100101101110100100101011111011101111111100111111111111101010
1112121211211121110001000001101001110001110001010111010002002020111210011001101011111000000111100000010101
1000111111010011101101000001000001001011201112111001010110110101010000110001000000010100111111111111101010
1110101001011101010001000001001001110011001110110111010110100100011000110001000000010100111111111111111010
2111112112111110200001000001101001110001110001010111010002002020101010011100111011111011111111111111101111
1112121211211121110001000001001001110011001110110111010114100100011000110001000000010111111111111111101111
0110100010011140000001000001101001110001110001010111010002002020111210111101111010202120010101011112112101
0010102112101112221101000001100001001001010000011001011110110101100000110101010002212101111111111110110111
1000111101111011011010011110110110001110010100101021121111111111121110111100111011000100010101011110100101
1010100100101110201010011110110110111110010100101100000111111111121111111110111111111111111111111111121111
0000110110111010001010011110110110001110010100101021101110110101100010011101111011111011000111100000000101
0110121211211121110001000001001001110011001110110111010110100100011002110121010200202100010101011110110101
1111100100101110201010011110110110001110010100101021101110110101100000110010101000011100111111111111121111
1111111111212111121101000001000001001011201112111001010002012021110200110101010002212101011000011112112111
1000111101111011010210011110111110110110110101100101101110100100101010111100111011111111011000011110101011
1010100110000110021101000001000001111011201112111110212111111111001111111011101110010120111111111110111210
0111000110010111000001000001001001110011001110110111010110100100001111111010101111111100010101111111101111
0000110110111011011010011110110110001110010100101021101110110101100000110100010000010111211222011112112111
1111100100101110201010011110110110001110010100101021101114110101100000110100010000010111111111111111121111
1002101011011001111101000001000001001011201112111001002000010001011010001001101011111000202111122222010010
0000110110111010001101000001100001001001010000011001000000010001101010011101111010010121000111100002010010
1010000110000110021101000001000001001011201112111001012111111111211111111211121111111120111111111110110111
1010100110000110021101000001000001111011201112111110212111111111001111111011101111111100111111111111101010
1010100110000110021101000001000001001011201112111001010002012021110200110101010002212101111111111110110111
1010100110000110021101000001000001111011201112111110212000010001101011111111111110010101111111111110100111
1111011111212111121101000001000001001011201112111001010110110101010010011001101011110000000111100000011010
1111001101010111001010011110110110001110010100101021101110110101100000110100010000010111111111111110101011
0010120010001100000210011110111110110110110101100101010002002020111212001121111211111101111411111110101011
2111112112111110200210011110111110110110110101100101101110100100101000110101010000010111000111100000001010
0111000110010111000001000001101001110001110001010111010002002020101010001100111011111011111111111110101011
1110021011210101101010011110110110001110010100101021121111111111121111111010101111111100111111141100111000
0010102112101112221101000001000001111011201112111110212111111111001111111011101110010120000111122222211212
1000111111010011101101000001000001001011201112111001010110110101010000110001000000010100011000011110110010
0111000110010111000001000001101001110001110001010111010002002020111202000121010200010011222111122222010010
1212122112121112221101000001000001001011201112111001012111111111211100110001000000010111111111111111101111
0000110110111010001010011110110110001110010100101021121111111111121111111011101111111100111111111111101010
1110101011210101100001000001001001110011001110110111010110100100011000110001000000010100111111111111111111
1000001111010011101101000001100001111001010000011110210110100100101011111011101110010120110111111110111210
0110100010011140000001000001101001110001110001100101101110100100101011111010101111111100111111111111101010
0111101001011101010210011110111110110110110101100101101110100100101010111100111011000100010101011111101111
0000101011011001110011001101101011110101110101010111010102002120101000110100010000010111011000011110101011
1010020110000110021101000001100001001001010000011001010002012021110202000001101200011000000111100000100111
0111110010011140000001000001001001110011001110110111010002002020111210001100111011111011011000011110100111
1111221111212111121101000001100001001001010000011001010000010001101011111112111111111111011000011111101010
1000111111010011101101000001000001001011201112111001010110110101010000110001000000010102111111111111111010
1000111101111011011010011110110110001110010100101021120000010001101010001101111011111011000111100000100111
0110104010011140001000100000101000111000112021121121121111111111121111111112111111111111111111111111101010
0111110110010110021121122221021221111201000000011111212000010001011010011001101011111002111111111100011010
1110101011210101101121122221021221111201000000011111212000010001101010011101111010010001000111100002012101
1111011101010111001000100000001000111010000100101101000111111111001111111011101111111100111111111111101111
1222111111111211111121122221221221111211221112111111212111111111211111111211121111111120212111122222221111
1111001101010111001121122221221221111211221112111111212111111111211111111211121111111120111111111110111210
0111110110010110021212111112111112111112112121121121121111111111121111111110111111111111111111111111101111
1111111121111111211000100000001000111000112121001101001110110101100000110100010000010111010111100000001010
1222111101111011011010101100101010111100112121001101000100010101121111111112111111111110010101111110111011
1000000110010110021121122221121221111221112221211111212222212221111212201121111211110211220111011110110010
1111111111212111121121122221221221111211221112111111212111111111001111111011101110010120000111100000011010
1111111121111111211212111112111112111112112121121121121111111111121111111112111111111111111111111111121111
1010100110000110021000100000001000111010000100101101212000010001011010001001101011111120111111111110111210
1111111101010111001000100000001000111010000100101101000111111111001111111010101111111110111111111111100111
1111111101010111001000100000001000111010000100101101000111111111001111111012101111111100111111111111101111
1111111121111111211212111112111112111112112121121121121111111111121111111112111111111111111111111110101011
0111110100111110201121122221121201111221112221001101000000010001101010011100111011111011211000011110100111
0111110100111110201000100000001000111010000100101101000110110101100000110101010002212101200000000002010010
1111001111212111121121122221021221111201000000011111212000010001001011111112111111111111111111111111121111
1000111111410011101121122221221221111411221112111111212114111111211111111211121111111124010414100000001010
0111000110010110021121122221121221111221112221211111212222212001111212201121111211111211202111122222010010
0111110100111110201212111112111112111112112121121121100110100100101010111101111011000100210020211112112101
1000111111010011101121122221221221111211221112111111212111111111211100110001000000010100111111100000011010
0111110110010111001000100000001000111010000100101101000111111111001111111010101111111100111111111111101111
1000001101010111001212111112111112111112112121121121120000010001101010011100111011111011111111111111101111
1111001101010111001000100000101000111000112021001101000004010001101010001100111011111011200004000002112111
1111111121111111211212111112111112111112112121121121121111111111121111111112111111111111111111111111101111
2111112112111112221121122221121221111221112221211111212222212221111210011101111010010001111111111110110010
2111112112111110201000100000101000111000112021001101001111111111121111111110111110010101111111111110100111
1111001111212111121121122221021221111201000000011111210110100100011011111211121111111122111111111111111212
2111110100111110201212111112111112111112112121121101000111110101100000110011101000011100111111111111121111
1000111101111011011000100000001040111010000100101101000111111111001111111010101111111100010111100000001010
1111001101010111001000100000101000111000112021001101000000010001101010001400111011141011000111100000100111
0110100010011140001121122221121221111221112221211111212000010001011010011001101011111000000111100000010000
0111110110010110021000100000001000111010000100101101000111111111001111111010101111111100111111111111101010
1000111111010011101121122221221221111211221112111111212111111111211111111211121111111122010111100000001010
0111110110010110021000100000001000111010000100101101000000010001101011111111111110010101111111111110100111
0111110100111110201212111112111112111112112121121121121111111111121111111110111111111111000111100000100111
0111110110010110021000100000001000111010000100101101000111111111001111111011101111111100111111111111101111
1000111101111011011000100000001000111010000100101101000111111111001111111010101111111100010111100000001010
1111111111212111121121122221221221111211221112111111212111011111211100110001000000010100011000011110110010
1111111111212111121121122221221221111211221112111111212111111111211111111211121111111122111111111111111010
1000111111010011101121122221021221111201000000011111212000010001011010001001101011111000000111100000110010
1111001111212111121121122221221221111211221112111111212111111111211111111211121111111122111111100000011010
1111011101010111001000100000001000111010000100101101000111111111001111111010101111111100111111111111111111
1000111101111011011010101100101010111100112121001101000100010101121111111112111111111111011000011110101011
0111110110010110021121122221221221111211221112111111212111111111211100110001000000010100111111111111101010
0000110110111010001000100000001000111010000100101101000111111111001111111011101111111100010111100000021111
1111111121111111211212111112111112111112112121121121121111111111121111111112111111111111111111111111101111
1000110110111010001000100000101000111000112021001101000000010001101010001101111010010001111111111110121111
0111110110010110021000100000001000111010000100101101000111111111001111111112111110010111111111111111101111
0111110100111110201000100000101000111000112021001101001111111111121111111110111110010101111111111110100111
1111111111212111121000100000001000111010000100101101000111111111001111111010101111111100111114111111101111
0000110110111010001121122221221221111211221112111111212111111111001100110101010002212101000111100000011010
1111111101010111001000100000001000111010000100101101000111111111001100110100010000010111111111111111111010
1002101011011001111121122221121221111221112221211111212222212221111210011101111010010001000111100002012101
0111110110010110021121122221021221111201000000011111212000010001011011111011101110010120111111111110110010
1202100110101010001000100000101000111000112021001101212222212221111212221121111211111001011000011112110011
1111001101010111001000100000101000111000112021001101000000010001101010001100111011111011000111100000100111
0111110110010110021000100000001000111010000100101101000111111111001111111010101111111101111111111111101111
1000111101111011011000100000021000111010000100101101000111111111001111111010101111111100010111100000021111
1111111101010111001000100000001000111010000100101111212000010001011002010121010210012011011000011110110111
1111111121111111211212111112111112111112112121121121121110100100101011111112111111111111111111111111121111
1111001101010111001000100000101000111000112021001101000000010001101011111112111111111111111111111111121111
0111100110000110021000100000001000111010000100100101010002002020111212001121111211000120010101011112110001
1000111101111011011212111112111112111112112121121121121111111111121111111112111111111111111111111111121111
2111112112111142221121122221121221111221112221211111211110110101100000110101010002212101011000011112112111
1110101011210101101000100000001000111010000100101101000111111111001111111010101111111101111111111111101111
1000111111010011101121122221021221111201000000011111012222212221111212201121111211111211222111122222012101
0000110110111010001121122221221221111211221112111111212111111111001111111011101110010120000111100000011212
1111100100101110201000100000101000111000112021001101000000010001101010011100111011111011111111111110101011
0111111121111111211212111112111112111112112121121121121111111111121111111112111111111111011000011110101111
1222111111111211111121122221021221111201000000011111212000010001011010001001101011111000202111122222010011
1111111111212111121121122221221221111211221112111111212000010001001011111110111110010101111111111110100111
0111110110010110021121122221221221111211221112111111212111111111211111111211121111111102111111111111110010
0111000110010110021121122221021221111201000000011111212000010001011010011001101011111102111111100000001010
1111111121111111211212111112111112111112112121121121121111111111121111111112111111111111111111111111121111
