210	106
	rec_1	rec_2	rec_3	rec_4	rec_5	rec_6	rec_7	rec_8	rec_9	rec_10	rec_11	rec_12	rec_13	rec_14	rec_15	rec_16	rec_17	rec_18	rec_19	rec_20	rec_21	rec_22	rec_23	rec_24	rec_25	rec_26	rec_27	rec_28	rec_29	rec_30	rec_31	rec_32	rec_33	rec_34	rec_35	rec_36	rec_37	rec_38	rec_39	rec_40	rec_41	rec_42	rec_43	rec_44	rec_45	rec_46	rec_47	rec_48	rec_49	rec_50	rec_51	rec_52	rec_53	rec_54	rec_55	rec_56	rec_57	rec_58	rec_59	rec_60	rec_61	rec_62	rec_63	rec_64	rec_65	rec_66	rec_67	rec_68	rec_69	rec_70	rec_71	rec_72	rec_73	rec_74	rec_75	rec_76	rec_77	rec_78	rec_79	rec_80	rec_81	rec_82	rec_83	rec_84	rec_85	rec_86	rec_87	rec_88	rec_89	rec_90	rec_91	rec_92	rec_93	rec_94	rec_95	rec_96	rec_97	rec_98	rec_99	rec_100	rec_101	rec_102	rec_103	rec_104	rec_105	rec_106
	5.5	7.5	8.5	14.5	17.0	17.0	23.0	24.0	28.0	29.5	31.0	31.0	34.0	35.0	35.0	35.5	35.5	36.0	36.0	37.0	44.0	44.0	45.5	46.5	46.5	49.0	49.5	49.5	49.5	52.0	53.0	53.5	55.0	56.5	57.0	57.5	63.0	69.5	70.5	72.0	73.5	74.5	76.0	78.0	80.0	82.0	84.0	87.0	92.5	96.5	99.5	100.0	101.0	105.0	105.0	105.5	108.0	111.0	111.0	112.0	116.5	116.5	118.0	118.0	118.0	118.5	118.5	121.5	122.5	123.0	124.5	124.5	127.0	129.5	132.0	134.0	136.5	138.0	141.0	141.5	142.5	142.5	144.0	147.0	151.0	151.5	155.5	158.0	159.0	159.0	159.5	159.5	162.0	163.0	164.5	167.5	170.5	174.0	180.5	180.5	183.0	186.0	187.0	188.0	188.5	189.0
	0	0	0	0	0	0	0	0	0	0	0	0	0	0	0	0	0	0	0	0	0	0	0	0	0	0	0	0	0	0	0	0	0	0	0	0	0	0	0	0	0	0	0	0	0	0	0	0	0	0	0	0	0	0	0	0	0	0	0	0	0	0	0	0	0	0	0	0	0	0	0	0	0	0	0	0	0	0	0	0	0	0	0	0	0	0	0	0	0	0	0	0	0	0	0	0	0	0	0	0	0	0	0	0	0	0
NEW0	0	0	0	0	0	3	0	0	2	0	0	0	0	2	0	3	0	2	2	0	0	0	0	0	0	0	0	0	0	0	3	0	0	0	0	0	0	0	0	0	0	2	2	0	0	0	2	0	0	2	0	0	0	0	0	0	0	0	0	0	0	0	0	0	0	0	1	0	2	0	0	2	0	0	0	0	0	3	0	0	0	0	2	0	0	0	0	0	0	3	0	3	0	0	0	3	0	0	0	0	0	0	0	0	0	3
NEW1	0	0	0	0	0	3	0	0	2	0	0	0	0	2	0	0	0	2	2	0	0	0	3	0	0	0	0	0	0	0	2	0	0	0	0	0	0	3	0	0	3	2	2	0	0	0	0	3	0	0	0	0	0	0	0	2	0	0	0	0	0	0	0	0	0	2	0	0	0	3	0	2	3	3	0	0	0	0	3	0	0	0	0	2	3	0	2	3	0	0	0	0	0	0	0	0	2	0	0	0	2	0	0	3	0	0
NEW2	0	0	0	0	0	3	0	0	2	0	0	0	0	2	0	3	0	2	2	0	0	0	0	0	0	0	0	0	0	0	3	0	0	0	0	0	0	0	0	0	0	2	2	0	0	0	2	0	0	2	0	0	0	0	0	0	0	0	0	0	0	0	0	0	0	0	2	2	2	3	0	2	3	3	0	0	0	0	0	0	0	0	0	0	3	0	0	3	2	0	0	0	0	0	0	0	2	0	0	0	2	3	0	0	0	0
NEW3	2	2	0	2	0	3	0	0	3	0	0	0	0	2	0	0	0	2	2	0	0	0	0	0	0	0	0	0	0	0	2	0	0	0	0	0	0	0	3	0	0	3	0	0	0	0	0	0	0	0	0	0	3	3	2	0	0	0	0	0	0	0	3	0	0	3	0	3	0	0	0	0	2	0	0	0	0	0	0	0	0	0	0	0	0	3	0	0	2	0	0	0	0	3	2	0	2	3	0	2	0	0	2	0	0	0
NEW4	2	2	0	2	0	3	0	0	3	0	0	0	0	2	0	0	0	2	2	0	0	0	0	0	0	0	0	0	0	0	2	0	0	0	0	0	0	0	3	0	0	3	0	0	0	0	0	0	0	0	0	0	3	3	2	0	0	0	0	0	0	0	3	0	0	3	0	3	0	0	0	0	2	0	0	0	0	0	0	0	0	0	0	0	0	3	0	0	2	0	0	0	0	3	2	0	2	3	0	2	0	0	2	0	0	0
NEW5	2	2	0	2	0	3	0	0	3	0	0	0	0	2	0	0	0	2	2	0	0	0	0	0	0	0	0	0	0	0	2	0	0	0	0	0	0	0	3	0	0	3	0	0	0	0	0	0	0	0	0	0	3	3	2	0	0	0	0	0	0	0	3	0	0	3	0	3	0	0	0	0	2	0	0	0	0	0	0	0	0	0	0	0	0	3	0	0	2	0	0	0	0	3	2	0	2	3	0	2	0	0	2	0	0	0
NEW6	0	0	0	0	2	0	0	2	0	0	0	0	0	0	0	0	0	0	0	0	0	2	0	2	0	0	0	0	0	0	0	0	3	0	0	0	0	0	2	2	0	0	3	2	0	2	0	0	3	0	0	2	0	2	0	3	2	0	0	3	2	0	2	3	0	0	0	0	0	0	0	0	0	0	0	2	0	0	0	0	0	0	0	0	0	0	0	2	2	0	0	0	3	0	2	0	3	0	0	0	0	3	3	0	0	2
NEW7	0	0	0	1	0	2	0	0	0	3	0	3	0	0	0	0	0	0	3	3	0	0	2	0	0	0	2	3	0	2	0	2	3	0	0	0	0	0	2	2	0	0	3	2	0	0	0	0	3	0	0	2	0	1	0	0	0	0	0	0	0	0	3	0	0	3	0	3	0	0	0	0	2	0	0	0	0	0	0	0	0	0	0	0	0	3	0	0	2	0	0	0	0	3	2	0	2	3	0	2	0	0	2	0	0	0
NEW8	2	2	0	2	0	3	0	0	3	0	0	0	0	2	0	3	0	2	2	0	0	0	0	0	0	0	0	0	0	0	3	0	0	0	0	0	0	0	0	0	0	0	2	0	0	0	2	0	0	2	0	0	0	0	0	0	0	0	0	0	0	0	0	0	0	0	2	2	2	3	0	2	3	3	0	0	0	0	0	0	0	0	0	0	3	0	0	3	0	0	0	0	0	0	0	0	2	0	0	0	2	3	0	0	0	0
NEW9	2	2	0	2	0	3	0	0	3	0	0	0	0	2	0	0	0	2	2	0	0	0	0	0	0	0	0	0	0	0	2	0	0	0	0	0	0	0	3	0	0	3	0	0	0	0	0	0	0	0	0	0	3	3	2	0	0	0	0	0	0	0	3	0	0	3	0	3	0	0	0	0	2	0	0	0	0	0	0	0	0	0	0	0	0	3	0	0	2	0	0	0	0	3	2	0	2	3	0	2	0	0	2	0	0	0
NEW10	2	2	0	2	0	3	0	0	3	0	0	0	0	2	0	3	0	2	2	0	0	0	0	0	0	0	0	0	0	0	3	0	0	0	0	0	0	0	0	0	0	0	2	0	0	0	2	0	0	2	0	0	0	0	0	0	0	0	0	0	0	0	0	0	0	0	2	2	2	0	0	2	0	3	0	0	0	0	0	0	0	0	0	0	0	3	0	0	2	0	0	0	0	3	2	0	2	3	0	2	0	0	2	0	0	0
NEW11	2	2	0	2	0	3	0	0	3	0	0	0	0	2	0	0	0	2	2	0	0	0	0	0	0	0	0	0	0	0	2	0	0	0	0	0	0	0	3	0	0	3	0	0	0	0	0	0	0	0	0	0	3	3	2	0	0	0	0	0	0	0	3	0	0	3	0	3	0	0	0	0	2	0	0	0	0	0	0	0	0	0	0	0	0	3	0	0	2	0	0	0	0	3	2	0	2	3	0	2	0	0	2	0	0	0
NEW12	2	2	0	2	0	3	0	0	3	0	0	0	0	2	0	0	0	2	2	0	0	0	0	0	0	0	0	0	0	0	2	0	0	0	0	0	0	0	3	0	0	3	0	0	0	0	0	0	0	0	0	0	3	3	2	0	0	0	0	0	0	0	3	0	0	3	0	3	0	0	0	0	2	0	0	0	0	0	0	0	0	0	0	0	0	3	0	0	2	0	0	0	0	3	2	0	2	3	0	2	0	0	2	0	0	0
NEW13	2	2	0	2	0	3	0	0	3	0	0	0	0	2	0	3	0	2	2	0	0	0	0	0	0	0	0	0	0	0	3	0	0	0	0	0	0	0	0	0	0	0	2	0	0	0	2	0	0	2	0	0	0	0	0	0	0	0	0	0	0	0	0	0	0	0	2	2	2	0	0	2	0	3	0	0	0	0	0	0	0	0	0	0	0	3	0	0	2	0	0	0	0	3	2	0	2	3	0	2	0	0	2	0	0	0
NEW14	2	2	0	2	0	3	0	0	3	0	0	0	0	2	0	3	0	2	2	0	0	0	0	0	0	0	0	0	0	0	3	0	0	0	0	0	0	0	0	0	0	0	2	0	0	0	2	0	0	2	0	0	0	0	0	0	0	0	0	0	0	0	0	0	0	0	2	2	2	3	0	2	3	3	0	0	0	0	0	0	0	0	0	0	3	0	0	3	0	0	0	0	0	0	0	0	2	0	0	0	2	3	0	0	0	0
NEW15	2	2	0	2	0	3	0	0	3	0	0	0	0	2	0	0	0	2	2	0	0	0	0	0	0	0	0	0	0	0	2	0	0	0	0	0	0	0	3	0	0	3	0	0	0	0	0	0	0	0	0	0	3	3	2	0	0	0	0	0	0	0	3	0	0	3	0	3	0	0	0	0	2	0	0	0	0	0	0	0	0	0	0	0	0	3	0	0	2	0	0	0	0	3	2	0	2	3	0	2	0	0	2	0	0	0
NEW16	2	2	0	3	0	0	0	0	0	3	0	3	0	0	0	0	0	0	3	3	0	0	2	0	0	0	2	3	0	2	0	2	3	0	0	0	0	0	2	2	0	0	3	2	0	0	0	0	3	0	0	2	0	2	0	3	2	0	0	3	2	2	1	0	0	3	0	3	0	0	0	0	2	0	0	0	0	0	0	0	0	0	0	0	0	3	0	0	2	0	0	0	0	3	2	0	2	3	0	2	0	0	2	0	0	0
NEW17	3	0	2	0	3	0	3	0	0	0	0	0	0	0	0	2	0	0	0	0	0	0	0	0	0	0	3	0	0	0	0	3	0	0	3	1	0	0	3	0	2	3	0	2	0	0	0	2	0	0	0	0	3	3	2	0	0	0	0	0	0	0	3	0	0	3	0	3	0	0	0	0	2	0	0	0	0	0	0	0	0	0	0	0	0	0	0	0	2	0	0	0	0	0	1	0	0	0	3	3	0	0	0	3	2	0
NEW18	2	0	3	2	0	0	0	0	0	0	0	0	0	0	0	3	0	0	0	0	0	0	3	0	0	0	0	0	0	0	0	0	0	0	0	0	0	3	0	0	3	2	2	0	0	0	0	3	0	0	0	0	0	0	0	2	0	3	0	0	0	0	0	0	0	0	3	0	0	0	2	0	0	0	0	0	2	0	0	0	2	0	0	2	2	0	0	0	3	0	0	0	0	0	3	0	0	0	3	3	0	0	0	3	2	0
NEW19	2	2	0	2	0	3	0	0	3	0	0	0	0	2	0	0	0	2	2	0	0	0	0	0	0	0	0	0	0	0	2	0	0	0	0	0	0	0	3	0	0	3	0	0	0	0	0	0	0	0	0	0	3	3	2	0	0	0	0	0	0	0	3	0	0	3	0	3	0	0	0	0	2	0	0	0	0	0	0	0	0	0	0	0	0	3	0	0	2	0	0	0	0	3	2	0	2	3	0	2	0	0	2	0	0	0
NEW20	0	0	1	0	0	0	0	0	0	0	0	0	0	0	0	3	0	0	0	0	0	0	3	0	0	0	0	0	0	0	0	0	0	0	0	0	0	3	0	0	3	2	2	0	0	0	0	3	0	0	0	0	0	0	0	2	0	0	0	0	0	0	0	0	0	0	3	0	0	0	2	0	0	0	0	0	0	3	0	0	0	0	2	0	0	0	0	0	0	3	0	3	0	0	0	3	0	0	0	0	0	0	0	0	0	3
NEW21	2	2	0	2	0	3	0	0	3	0	0	0	0	2	0	0	0	2	2	0	0	0	0	0	0	0	0	0	0	0	2	0	0	0	0	0	0	0	3	0	0	3	0	0	0	0	0	0	0	0	0	0	3	3	2	0	0	0	0	0	0	0	3	0	0	3	0	3	0	0	0	0	2	0	0	0	0	0	0	0	0	0	0	0	0	3	0	0	2	0	0	0	0	3	2	0	2	3	0	2	0	0	2	0	0	0
NEW22	3	3	2	0	3	0	3	0	0	0	0	0	0	0	0	2	0	0	0	0	0	0	0	0	0	0	0	0	0	0	0	0	0	0	0	2	0	0	0	0	0	0	0	0	0	0	2	0	3	2	0	2	0	2	3	3	3	0	3	3	3	0	2	0	0	0	0	0	0	0	0	0	0	0	0	0	2	0	0	0	2	0	0	0	2	0	0	0	3	0	0	0	2	0	3	0	0	0	3	3	0	0	0	3	2	0
NEW23	2	2	0	2	0	3	0	0	3	0	0	0	0	2	0	0	0	2	2	0	0	0	0	0	0	0	0	0	0	0	2	0	0	0	0	0	0	0	3	0	0	3	0	0	0	0	0	0	0	0	0	0	3	3	2	0	0	0	0	0	0	0	3	0	0	3	0	3	0	0	0	0	2	0	0	0	0	0	0	0	0	0	0	0	0	0	0	0	2	0	0	0	0	0	1	0	0	0	3	3	0	0	0	3	2	0
NEW24	2	2	0	2	0	3	0	0	3	0	0	0	0	2	0	0	0	2	2	0	0	0	0	0	0	0	0	0	0	0	2	0	0	0	0	0	0	0	3	0	0	3	0	0	0	0	0	0	0	0	0	0	3	3	2	0	0	0	0	0	0	0	3	0	0	3	0	3	0	0	0	0	2	0	0	0	0	0	0	0	0	0	0	0	0	3	0	0	2	0	0	0	0	3	2	0	2	3	0	2	0	0	2	0	0	0
NEW25	2	2	0	2	0	3	0	0	3	0	0	0	0	2	0	0	0	2	2	0	0	0	0	0	0	0	0	0	0	0	2	0	0	0	0	0	0	0	3	0	0	3	0	0	0	0	0	0	0	0	0	0	3	3	2	0	0	0	0	0	0	0	3	0	0	3	0	3	0	0	0	0	2	0	0	0	0	0	0	0	0	0	0	0	0	3	0	0	2	0	0	0	0	3	2	0	2	3	0	2	0	0	2	0	0	0
NEW26	2	2	0	2	0	3	0	0	3	0	0	0	0	2	0	0	0	2	2	0	0	0	0	0	0	0	0	0	0	0	2	0	0	0	0	0	0	0	3	0	0	3	0	0	0	0	0	0	0	0	0	0	3	3	2	0	0	0	0	0	0	0	3	0	0	3	0	3	0	0	0	0	2	0	0	0	0	0	0	0	0	0	0	0	0	3	0	0	2	0	0	0	0	3	2	0	2	3	0	2	0	0	2	0	0	0
NEW27	3	3	2	0	3	0	3	0	0	3	0	0	0	3	0	2	3	0	0	0	2	0	3	0	0	0	0	0	0	0	2	0	0	0	0	0	0	3	0	0	3	2	2	0	0	0	0	3	0	0	0	0	0	0	0	2	0	0	0	0	0	0	0	0	0	2	0	0	0	3	0	2	3	3	0	0	0	0	3	0	0	0	0	2	3	0	2	3	0	0	0	0	0	0	0	0	2	0	0	0	2	0	0	3	0	0
NEW28	2	2	0	2	0	3	0	0	3	0	0	0	0	2	0	3	0	2	2	0	0	0	0	0	0	0	0	0	0	0	3	0	0	0	0	0	0	0	0	0	0	0	2	0	0	0	2	0	0	2	0	0	0	0	0	0	0	0	0	0	0	0	3	0	0	3	2	0	2	0	0	2	2	0	0	0	0	0	0	0	0	0	0	0	0	3	0	0	2	0	0	0	0	3	2	0	2	3	0	2	0	0	2	0	0	0
NEW29	2	2	0	3	0	0	0	0	0	3	0	3	0	0	0	0	0	0	3	3	3	0	2	0	0	0	0	0	0	2	0	1	0	0	0	3	0	0	3	0	2	3	0	2	0	0	0	2	0	0	0	0	3	3	2	0	0	0	0	0	0	0	0	0	3	0	0	0	0	0	0	0	0	0	0	0	1	0	0	0	0	3	0	0	0	0	0	0	0	3	3	3	0	0	0	3	0	0	0	0	0	0	0	0	0	3
NEW30	3	3	2	0	3	0	3	0	0	3	0	0	0	3	0	2	3	0	0	0	2	0	3	0	0	0	0	0	0	0	2	0	0	0	0	0	0	3	0	0	3	2	2	0	0	0	0	3	0	0	0	0	0	0	0	2	0	0	0	0	0	0	0	0	0	2	0	0	0	3	0	2	3	3	0	0	0	0	3	0	0	0	0	2	3	0	2	3	0	0	0	0	0	0	0	0	2	0	0	0	2	0	0	3	0	0
NEW31	0	0	0	0	0	3	0	0	2	0	0	0	0	2	0	3	0	2	2	0	0	0	0	0	0	0	0	0	0	0	3	0	0	0	0	0	0	0	0	0	0	2	2	0	0	0	2	0	3	2	0	2	0	2	3	3	3	0	3	3	3	0	2	0	0	0	0	0	0	0	0	0	0	0	0	0	2	0	0	0	2	0	0	0	2	0	0	0	0	0	2	0	2	3	0	0	0	3	0	2	0	0	2	0	0	0
NEW32	2	2	0	3	0	0	0	0	0	3	0	3	0	0	0	0	0	0	3	3	0	0	2	0	0	0	2	3	0	2	0	2	3	0	0	0	0	0	2	2	0	0	3	2	0	0	0	0	3	0	0	2	0	2	0	3	2	0	0	3	2	2	2	3	0	0	0	0	0	0	0	0	0	0	0	2	0	0	0	0	0	0	0	0	0	0	0	2	0	0	0	0	3	0	2	0	3	0	0	0	0	3	3	0	0	2
NEW33	2	2	0	2	0	3	0	0	3	0	0	0	0	2	0	0	0	2	2	0	0	0	0	0	0	0	0	0	0	0	2	0	0	0	0	0	0	0	3	0	0	3	0	0	0	0	0	0	0	0	0	0	3	3	2	0	0	0	0	0	0	0	3	0	0	3	0	3	0	0	0	0	2	0	0	0	0	0	0	0	0	0	0	0	0	3	0	0	2	0	0	0	0	3	2	0	2	3	0	2	0	0	2	0	0	0
NEW34	3	0	2	0	3	0	3	0	0	3	0	0	0	3	0	2	3	0	0	0	2	0	0	3	0	0	3	0	0	0	0	3	0	3	3	3	0	0	3	0	2	3	0	2	0	0	0	2	0	0	0	0	0	0	1	0	3	0	3	3	3	0	2	0	0	0	0	0	0	0	0	0	0	0	0	0	2	0	0	0	2	0	0	0	2	0	0	0	0	0	2	0	2	3	0	0	0	3	0	2	0	0	2	0	0	0
NEW35	0	0	0	0	0	3	0	0	2	0	0	0	0	2	0	3	0	2	2	0	0	0	0	0	0	0	0	0	0	0	3	0	0	0	0	0	0	0	0	0	0	2	2	0	0	0	2	0	3	2	0	2	0	2	3	3	3	0	3	3	3	0	2	0	0	0	0	0	0	0	0	0	0	0	0	0	2	0	0	0	2	0	0	0	2	0	0	0	3	0	0	0	2	0	3	0	0	0	3	3	0	0	0	3	2	0
NEW36	2	2	0	2	0	3	0	0	3	3	0	0	0	2	0	0	0	2	1	3	0	0	0	0	0	0	2	3	0	2	0	2	3	0	0	0	0	0	2	2	0	0	3	2	0	0	0	0	3	0	0	2	0	2	0	3	2	0	0	3	2	2	1	0	0	3	0	3	0	0	0	0	2	0	0	0	0	0	0	0	0	0	0	0	0	3	0	0	2	0	0	0	0	3	2	0	2	3	0	2	0	0	2	0	0	0
NEW37	3	1	0	2	3	0	3	0	0	3	0	0	0	3	0	2	3	0	0	0	2	0	3	0	0	0	0	0	0	0	2	0	0	0	0	0	0	0	3	0	0	1	0	0	0	0	0	0	0	0	0	0	3	3	2	0	0	0	0	0	0	0	3	0	0	3	0	3	0	0	0	0	2	0	0	0	0	0	0	0	0	0	0	0	0	0	0	0	2	0	0	0	0	0	1	0	0	0	3	3	0	0	0	3	2	0
NEW38	0	0	1	0	0	0	0	0	0	0	0	0	0	0	0	3	0	0	0	0	0	0	3	0	0	0	0	0	0	0	0	0	0	0	0	0	0	3	0	0	3	2	2	0	0	0	0	3	0	0	0	0	0	0	0	2	0	0	0	0	0	0	0	0	0	0	3	0	0	0	2	0	0	0	0	0	0	3	0	0	0	0	2	0	0	0	0	0	0	3	0	3	0	0	0	3	0	0	0	0	0	0	0	0	0	3
NEW39	2	2	0	2	0	3	0	0	3	0	0	0	0	2	0	0	0	2	2	0	0	0	0	0	0	0	0	0	0	0	2	0	0	0	0	0	0	0	3	0	0	3	0	0	0	0	0	0	0	0	0	0	3	3	2	0	0	0	0	0	0	0	3	0	0	3	0	3	0	3	0	0	1	3	0	0	0	0	3	0	0	0	0	2	3	0	2	3	0	0	0	0	0	0	0	0	2	0	0	0	2	0	0	3	0	0
NEW40	2	2	0	3	0	0	0	0	0	3	0	3	0	0	0	0	0	0	3	3	0	0	2	0	0	0	2	3	0	2	0	2	3	0	0	0	0	0	2	2	0	0	3	2	0	0	0	0	3	0	0	2	0	2	0	3	2	0	0	3	2	2	2	3	0	0	0	0	0	0	0	0	0	0	0	2	0	0	0	0	0	0	0	0	0	0	0	2	0	0	0	0	3	0	2	0	3	0	0	0	0	3	3	0	0	2
NEW41	2	2	0	2	0	3	0	0	3	0	0	0	0	2	0	0	0	2	2	0	0	0	0	0	0	0	0	0	0	0	2	0	0	0	0	0	0	0	3	0	0	3	0	0	0	0	0	0	0	0	0	0	3	3	2	0	0	0	0	0	0	0	3	0	0	3	0	3	0	0	0	0	2	0	0	0	0	0	0	0	0	0	0	0	0	3	0	0	2	0	0	0	0	3	2	0	2	3	0	2	0	0	2	0	0	0
NEW42	3	3	2	0	3	0	3	0	0	0	3	0	0	0	0	0	0	0	0	0	0	0	0	0	0	0	0	0	0	0	3	0	0	0	0	0	0	0	0	0	0	2	2	0	0	0	2	0	0	2	0	0	0	0	0	0	0	0	0	0	0	0	0	0	0	0	2	2	2	0	0	2	0	3	0	0	0	0	0	0	0	0	0	0	0	3	0	0	2	0	0	0	0	3	2	0	2	0	3	1	0	0	0	0	2	0
NEW43	2	2	0	2	0	3	0	0	3	0	0	0	0	2	0	3	0	2	2	0	0	0	0	0	0	0	0	0	0	0	3	0	0	0	0	0	0	0	0	0	0	0	2	0	0	0	2	0	0	2	0	0	0	0	0	0	0	0	0	0	0	0	0	0	0	0	2	2	2	3	0	2	3	3	0	0	0	0	0	0	0	0	0	0	3	0	0	3	0	0	0	0	0	0	0	0	2	0	0	0	2	3	0	0	0	0
NEW44	2	2	0	2	0	3	0	0	3	0	0	0	0	2	0	0	0	2	2	0	0	0	0	0	0	0	0	0	0	0	0	0	0	0	0	0	0	0	3	0	0	3	0	0	0	0	0	0	0	0	0	0	3	3	2	0	0	0	0	0	0	0	3	0	0	3	0	3	0	0	0	0	2	0	0	0	0	0	0	0	0	0	0	0	0	3	0	0	2	0	0	0	0	3	2	0	2	3	0	2	0	0	2	0	0	0
NEW45	3	3	2	0	3	0	3	0	0	0	0	0	0	0	0	2	0	0	0	0	0	0	0	0	0	0	0	0	0	0	0	0	0	0	0	2	0	0	0	0	0	0	0	0	0	0	2	0	3	2	0	2	0	2	3	3	3	0	3	3	3	0	2	0	0	0	0	0	0	0	0	0	0	0	0	0	2	0	0	0	2	0	0	0	2	0	0	0	0	0	2	0	2	3	0	0	0	3	0	2	0	3	2	0	0	0
NEW46	2	2	0	2	0	3	0	0	3	0	0	0	0	2	0	3	0	2	2	0	0	0	0	0	0	0	0	0	0	0	3	0	0	0	0	0	0	0	0	0	0	0	2	0	0	0	2	0	0	2	0	0	0	0	0	0	0	0	0	0	0	0	3	0	0	3	2	0	2	0	0	2	2	0	0	0	0	0	0	0	0	0	0	0	0	3	0	0	2	0	0	0	0	3	2	0	2	3	0	2	0	0	2	0	0	0
NEW47	3	3	2	0	3	0	3	0	0	0	0	0	0	0	0	2	0	0	0	0	0	0	0	0	0	0	0	0	0	0	0	0	0	0	0	2	0	0	0	0	0	0	0	0	0	0	2	0	3	2	0	2	0	2	3	3	3	0	3	3	3	0	2	0	0	0	0	0	0	0	0	0	0	0	0	0	2	0	0	0	2	0	0	0	2	0	0	0	0	0	2	0	2	3	0	0	0	3	0	2	0	3	2	0	0	0
NEW48	2	2	0	2	0	3	0	0	3	0	0	0	0	2	0	0	0	2	2	0	0	0	0	0	0	0	0	0	0	0	2	0	0	0	0	0	0	0	3	0	0	3	0	0	0	0	0	0	0	0	0	0	3	3	2	0	0	0	0	0	0	0	3	0	0	3	0	3	0	0	0	0	2	0	0	0	0	0	0	0	0	0	0	0	0	3	0	0	2	0	0	0	0	3	2	0	2	3	0	2	0	0	2	0	0	0
NEW49	0	0	3	2	3	0	3	0	0	3	0	0	0	3	0	0	3	0	0	0	2	0	3	0	0	0	0	0	0	0	2	0	0	0	0	0	0	3	0	0	3	2	2	0	0	0	0	3	0	0	0	0	0	0	0	2	0	0	0	0	0	0	0	0	0	2	0	0	0	3	0	2	3	3	0	0	0	0	3	0	0	0	0	2	3	0	2	3	0	0	0	0	0	0	0	0	2	0	0	0	2	0	0	3	0	0
NEW50	0	0	0	0	2	0	0	2	0	0	0	0	0	0	0	0	0	0	0	0	0	2	0	2	0	0	0	0	0	0	0	0	3	0	0	0	0	0	2	2	0	0	0	0	2	1	0	0	0	0	2	0	2	0	0	0	0	0	0	0	0	0	0	0	0	0	0	0	0	2	0	0	0	0	3	0	0	1	0	2	0	0	2	0	0	0	0	0	0	3	0	3	0	0	0	3	0	0	0	0	0	0	0	0	0	3
NEW51	0	0	0	0	0	0	0	3	0	0	0	0	2	0	0	0	2	0	0	0	0	0	0	2	0	0	0	0	0	3	0	0	0	2	0	0	0	0	0	0	0	0	0	0	0	0	0	3	0	0	0	0	0	0	0	2	0	0	0	0	0	0	0	0	0	0	3	0	0	0	2	0	0	0	0	0	0	3	0	0	0	0	2	0	0	0	0	0	0	0	0	3	0	0	0	0	0	0	0	0	0	3	0	0	0	0
NEW52	2	0	0	0	2	0	0	3	0	0	0	0	2	0	0	0	2	0	0	0	0	0	0	0	0	0	0	0	3	0	0	0	2	0	3	3	0	0	0	0	2	0	0	2	0	0	0	2	0	0	0	0	0	0	0	0	2	2	2	0	0	0	3	0	2	3	2	2	2	0	0	2	2	0	0	0	0	0	0	0	0	0	0	0	3	0	0	3	2	0	0	0	0	0	2	0	2	0	0	0	2	3	0	0	0	0
NEW53	2	2	0	2	0	3	0	0	3	0	0	0	0	2	0	0	0	2	2	0	0	0	0	0	0	0	0	0	0	0	2	0	0	0	0	0	0	0	3	0	0	3	0	0	0	0	0	0	0	0	0	0	3	3	2	0	0	0	0	0	0	0	3	0	0	3	0	3	0	0	0	0	2	0	0	0	0	0	0	0	0	0	0	0	0	3	0	0	2	0	0	0	0	3	2	0	2	3	0	2	0	0	2	0	0	0
NEW54	0	0	0	0	2	0	0	0	0	0	0	2	0	0	2	0	0	0	0	0	3	3	0	0	3	0	0	0	2	0	0	0	0	0	0	0	0	0	0	1	0	0	0	3	3	0	3	0	0	0	3	3	0	0	0	0	0	0	0	2	2	0	0	2	0	0	0	3	3	0	3	3	0	2	2	0	0	0	2	0	0	0	2	0	0	2	0	0	0	2	0	0	0	1	0	0	0	0	0	0	0	3	0	0	0	0
NEW55	0	0	0	0	0	1	0	0	3	0	0	0	0	2	0	3	0	2	2	0	0	0	0	0	0	0	0	0	0	0	3	0	0	0	0	0	0	0	0	0	0	2	2	0	0	0	2	0	3	2	0	2	0	2	3	3	3	0	3	3	3	0	2	0	0	0	0	0	0	0	0	0	0	0	0	0	2	0	0	0	2	0	0	0	2	0	0	0	0	0	0	0	1	0	0	0	3	0	0	0	0	0	3	0	3	2
NEW56	2	2	0	2	0	3	0	0	3	0	0	0	0	2	0	3	0	2	2	0	0	0	0	0	0	0	0	0	0	0	3	0	0	0	0	0	0	0	0	0	0	0	1	0	0	0	2	0	3	0	0	2	0	2	0	3	2	0	0	3	2	2	2	3	0	0	0	0	0	0	0	0	0	0	0	2	0	0	0	0	0	0	0	0	0	0	0	2	0	0	0	0	3	0	2	0	3	0	0	0	0	3	3	0	0	2
NEW57	0	0	0	0	2	0	0	2	0	0	0	2	0	0	2	0	0	0	0	0	3	3	0	0	0	0	0	0	1	0	0	0	0	0	3	3	0	0	0	0	2	0	0	2	0	0	0	2	0	0	0	0	0	0	0	0	2	2	2	0	0	0	3	0	2	3	2	2	2	0	0	2	2	0	0	0	0	0	0	0	0	0	0	0	3	0	0	3	2	0	0	0	3	0	2	0	1	0	0	0	0	0	3	0	3	2
NEW58	0	0	0	0	2	0	0	0	0	0	0	0	0	0	0	0	0	0	0	0	0	2	0	1	0	0	3	0	0	0	0	3	0	0	0	3	0	0	3	0	2	3	0	2	0	0	0	1	0	0	0	0	0	0	0	0	0	0	0	0	0	0	0	0	0	0	0	0	3	0	0	3	0	2	0	0	3	0	2	0	0	2	0	0	0	0	0	0	0	0	0	2	0	0	0	2	0	0	0	0	3	1	3	0	3	0
NEW59	0	0	2	2	0	0	0	0	0	0	2	0	0	0	0	0	0	0	0	0	0	0	0	0	0	2	0	1	0	0	0	0	0	0	0	0	0	0	2	2	0	0	3	2	3	0	0	0	3	0	0	2	0	2	0	3	2	0	0	3	2	2	2	3	0	0	0	0	0	0	0	0	0	0	0	2	0	0	0	0	0	0	0	0	0	0	0	2	2	0	0	0	3	0	2	0	3	0	0	0	0	0	3	0	3	2
NEW60	0	0	2	2	0	0	0	0	0	0	2	0	0	0	0	0	0	3	3	0	0	0	0	0	2	2	0	3	0	0	0	0	3	0	0	0	0	0	2	3	0	0	0	3	3	2	3	0	0	0	3	3	0	0	0	0	0	0	0	2	1	0	0	0	0	0	0	0	0	0	0	0	0	0	0	0	2	0	0	0	2	0	0	0	2	0	0	0	0	0	0	0	0	0	3	0	0	0	3	3	0	0	0	3	2	0
NEW61	2	2	0	2	0	3	0	0	3	0	0	0	0	2	0	3	0	2	2	0	0	0	0	0	0	0	0	0	0	0	3	0	0	0	0	0	0	0	0	0	0	0	2	0	0	3	2	0	0	1	0	0	0	0	0	0	0	3	0	0	0	3	0	0	0	0	0	0	0	0	0	0	0	0	0	0	2	0	0	0	2	0	0	0	0	0	0	0	0	0	0	0	0	0	0	0	0	2	2	0	0	3	0	0	0	0
NEW62	3	3	2	0	3	0	3	0	0	3	0	0	0	3	0	2	3	0	0	0	2	0	3	0	0	0	0	0	0	0	2	0	0	0	0	0	0	3	0	0	3	2	2	0	0	0	0	3	0	0	0	0	0	0	0	2	0	0	0	0	0	0	0	0	0	2	0	0	0	3	0	2	3	3	0	0	0	0	3	0	0	0	0	2	3	0	2	3	0	0	0	0	0	0	0	0	2	0	0	0	2	0	0	3	0	0
NEW63	2	2	0	2	0	3	0	0	3	0	0	0	0	2	0	0	0	2	2	0	0	0	0	0	0	0	0	0	0	0	2	0	0	0	0	0	0	0	3	0	0	3	0	0	0	0	0	0	0	0	0	0	3	3	2	0	0	0	0	0	0	0	3	0	0	3	0	3	0	0	0	0	2	0	0	0	0	0	0	0	0	3	0	0	0	0	0	0	0	3	3	3	0	0	0	3	0	0	0	0	0	0	0	0	0	3
NEW64	0	0	2	2	0	0	0	0	0	0	2	0	0	0	0	0	0	3	3	0	0	0	0	0	2	2	0	3	0	0	0	0	3	0	0	0	0	0	2	3	0	0	0	3	3	2	3	0	0	0	3	3	0	0	0	0	0	0	0	2	1	0	0	0	0	0	0	0	0	0	0	0	0	0	0	0	2	0	0	0	2	0	0	0	2	0	0	0	0	0	0	0	0	0	3	0	0	0	3	3	0	0	0	3	2	0
NEW65	0	0	0	1	0	2	0	0	0	3	0	3	0	0	0	0	0	0	3	3	0	0	2	0	0	0	2	3	0	2	0	2	3	0	0	0	0	0	2	2	0	0	3	2	0	0	0	0	3	0	0	2	0	1	0	0	0	0	0	0	0	0	3	0	0	3	0	3	0	0	0	0	2	0	0	0	0	0	0	0	0	0	0	0	0	3	0	0	2	0	0	0	0	3	2	0	2	3	0	2	0	0	2	0	0	0
NEW66	0	0	0	0	0	2	0	0	0	0	0	0	0	0	0	0	0	0	3	1	0	0	0	2	0	0	0	0	0	0	0	0	3	0	1	0	0	0	0	0	2	0	0	2	0	0	0	0	0	0	0	0	0	0	0	0	2	2	2	0	0	0	0	0	2	0	0	1	0	0	3	3	0	0	0	0	0	0	0	0	0	0	1	0	0	0	3	0	0	0	0	0	0	0	0	0	0	2	0	0	0	0	0	3	0	0
NEW67	2	2	0	2	0	3	0	0	3	0	0	0	0	2	0	0	0	2	2	0	0	0	0	0	0	0	0	0	0	0	2	0	0	0	0	0	0	0	3	0	0	3	0	0	0	0	0	0	0	0	0	0	3	3	2	0	0	0	0	0	0	0	0	0	0	0	0	0	0	0	0	0	0	0	0	0	2	0	0	0	2	0	0	0	2	0	0	0	3	0	0	0	2	0	3	0	0	0	3	3	0	0	0	3	2	0
NEW68	3	3	2	0	3	0	3	0	0	3	0	0	0	3	0	2	3	0	0	0	2	0	0	0	0	0	3	0	0	0	0	3	0	0	3	3	0	0	0	0	2	0	0	2	0	0	0	2	0	0	0	0	0	0	0	0	1	2	3	3	3	2	0	0	0	0	0	0	0	0	0	0	0	0	0	0	2	0	0	0	2	0	0	0	2	0	0	0	0	0	0	0	1	0	0	0	3	0	0	0	0	0	3	0	3	2
NEW69	0	0	0	0	0	2	0	0	0	0	0	0	0	0	0	0	0	0	0	2	0	0	0	0	0	0	0	0	0	0	0	0	0	0	0	2	0	0	0	0	0	0	0	0	0	0	2	0	3	2	0	2	0	2	3	3	3	0	3	3	3	0	2	0	0	0	0	0	0	0	0	0	0	0	0	0	2	0	0	0	1	0	3	0	0	0	0	0	0	0	0	0	0	0	0	0	0	2	2	0	0	0	0	0	0	3
NEW70	0	0	0	0	1	0	3	2	0	3	0	0	0	3	0	0	3	0	0	0	2	0	0	0	0	0	3	0	0	0	0	3	0	0	3	3	0	0	0	0	2	0	0	2	0	3	0	2	0	0	0	0	0	0	0	0	0	0	0	0	0	0	0	0	0	0	0	0	0	2	0	0	0	0	3	3	0	2	0	2	0	0	2	0	0	0	0	0	0	0	2	0	0	3	0	0	0	3	0	2	0	0	2	0	0	0
NEW71	2	2	0	2	0	3	0	0	3	0	0	0	0	2	0	0	0	2	2	0	0	0	0	0	0	0	0	0	0	0	2	0	0	0	0	0	0	0	3	0	0	3	0	0	0	0	0	0	0	0	0	0	3	3	2	0	0	0	0	0	0	0	3	0	0	3	0	3	0	0	0	0	2	0	0	0	0	0	0	0	0	0	0	0	0	3	0	0	2	0	0	0	0	3	2	0	2	3	0	2	0	0	2	0	0	0
NEW72	3	0	2	0	3	0	3	0	0	3	0	0	0	3	0	2	3	0	0	0	2	0	0	3	0	0	3	0	0	0	0	3	0	3	3	3	0	0	3	0	2	3	0	2	0	0	0	2	0	0	0	0	0	0	1	0	3	0	3	3	3	0	2	0	0	0	0	0	0	0	0	0	0	0	0	0	2	0	0	0	2	0	0	0	2	0	0	0	0	0	2	0	2	3	0	0	0	3	0	2	0	0	2	0	0	0
NEW73	0	0	0	0	0	0	2	0	0	0	0	0	3	0	0	0	2	0	0	0	0	0	0	0	0	0	0	0	0	0	0	0	3	0	0	0	1	0	0	3	0	0	0	3	3	2	3	0	0	0	0	3	0	0	0	0	0	0	0	2	0	0	0	0	0	0	0	0	3	0	0	3	0	2	0	0	3	0	2	0	0	2	0	0	0	0	0	0	0	0	0	1	0	0	0	2	0	0	0	0	0	3	0	0	0	0
NEW74	2	2	0	2	0	3	0	0	3	0	0	0	0	2	0	3	0	2	2	0	0	0	0	0	0	0	0	0	0	0	3	0	0	0	0	0	0	0	0	0	0	0	2	0	0	0	2	0	0	2	0	0	0	0	0	0	0	0	0	0	0	0	0	0	0	0	2	2	2	3	0	2	3	3	0	0	0	0	0	0	0	0	0	0	3	0	0	3	0	0	0	0	0	0	0	0	2	0	0	0	2	3	0	0	0	0
NEW75	0	0	0	0	2	0	0	0	0	0	2	0	0	0	0	0	0	0	0	3	0	0	0	2	0	0	0	0	0	0	0	0	3	0	0	0	3	0	2	3	0	0	0	3	3	2	3	0	0	0	3	3	0	0	0	0	0	0	0	2	2	0	0	2	0	0	0	0	3	0	3	3	0	2	2	0	0	0	2	3	0	0	0	0	0	2	0	0	0	2	0	0	0	2	0	0	0	2	2	0	3	3	0	0	0	0
NEW76	2	2	0	2	0	3	0	0	3	0	0	0	0	2	0	0	0	2	2	0	0	0	0	0	0	0	0	0	0	0	2	0	0	0	0	0	0	0	3	0	0	3	0	0	0	0	0	0	0	0	0	0	3	3	2	0	0	0	0	0	0	0	3	0	0	3	0	3	0	0	0	0	2	0	0	0	0	0	0	0	0	3	0	0	0	0	0	0	0	3	3	3	0	0	0	3	0	0	0	0	0	0	0	0	0	3
NEW77	3	0	2	0	3	0	3	0	0	0	3	0	0	0	0	2	0	0	0	0	0	0	0	0	0	0	0	0	0	0	0	0	0	0	0	0	0	0	3	0	0	3	0	2	0	0	0	0	0	0	0	0	3	3	2	0	0	0	0	0	0	0	3	0	0	3	0	3	0	0	0	0	2	0	0	0	0	0	0	0	0	0	0	0	0	3	0	0	2	0	0	0	0	3	2	0	2	3	0	2	0	0	2	0	0	0
NEW78	0	0	0	0	0	0	0	0	0	0	0	0	0	0	0	0	0	3	3	3	0	0	0	2	2	1	0	3	0	0	0	2	3	0	2	0	0	0	2	0	0	0	0	0	1	2	3	0	0	0	0	3	0	0	0	0	0	0	0	0	0	0	0	0	0	0	0	0	3	0	0	3	0	2	0	0	3	0	2	0	0	1	0	0	0	0	0	0	0	3	3	3	0	0	0	3	0	0	0	0	0	0	0	0	0	3
NEW79	2	0	0	0	2	0	0	3	0	0	0	0	2	0	0	0	2	0	0	0	0	0	0	0	0	0	0	0	3	0	0	0	2	0	3	3	0	0	0	0	2	0	0	2	0	0	0	2	0	0	0	0	0	0	0	0	2	2	2	0	0	0	3	0	2	3	2	2	2	0	0	2	2	0	0	0	0	0	0	0	0	0	0	0	3	0	0	3	2	0	0	0	0	0	2	0	2	0	0	0	2	3	0	0	0	0
NEW80	0	0	0	1	0	2	0	0	0	0	0	0	0	0	0	0	0	0	3	3	0	0	0	2	0	3	2	3	0	0	0	2	3	0	2	0	0	0	2	2	0	0	3	2	2	0	0	0	3	0	0	2	0	2	0	3	2	0	0	3	2	2	2	3	0	0	0	0	0	0	0	0	0	0	0	2	0	0	0	0	0	0	0	0	0	0	0	2	2	0	0	0	3	0	2	0	3	0	0	0	0	0	3	0	3	2
NEW81	0	0	0	0	2	0	0	2	0	0	0	0	0	0	2	0	0	0	0	0	3	1	0	0	3	0	0	0	0	0	0	0	0	0	0	3	0	0	0	0	0	0	0	0	0	0	0	0	0	0	2	0	1	3	0	0	0	0	0	0	0	0	3	0	0	3	0	3	0	0	0	0	2	0	0	0	0	0	0	0	0	0	0	0	3	0	0	3	2	0	0	0	0	0	2	0	2	0	0	0	2	3	0	0	0	0
NEW82	2	0	0	0	0	0	0	3	0	0	0	0	2	3	0	0	1	0	0	0	0	0	0	3	0	0	3	0	0	0	0	3	0	3	3	3	0	0	3	0	2	3	0	2	0	0	0	2	0	0	0	0	3	3	2	0	0	0	0	0	0	0	3	0	0	3	0	3	0	0	0	0	2	0	0	0	0	0	0	0	0	0	0	0	0	3	0	0	2	0	0	0	0	3	2	0	2	3	0	2	0	0	2	0	0	0
NEW83	0	0	0	0	0	2	0	0	0	0	0	0	0	0	0	0	0	0	0	2	0	0	0	0	0	0	0	0	0	0	0	0	0	0	0	2	0	0	0	0	0	0	0	0	0	0	2	0	3	2	0	2	0	2	3	3	3	0	3	3	3	0	2	0	0	0	0	0	0	0	0	0	0	0	0	0	2	0	0	0	1	0	3	0	0	0	0	0	0	0	0	0	0	0	0	0	0	2	2	0	0	0	0	0	0	3
NEW84	0	0	0	0	2	0	0	1	0	0	0	0	2	0	0	0	2	0	0	0	0	0	0	0	0	0	0	0	0	0	0	0	1	0	0	0	3	0	2	3	0	0	0	3	3	2	3	0	0	0	3	3	0	0	0	0	0	0	0	2	2	0	0	2	0	0	0	0	3	3	0	3	3	1	2	0	0	0	3	0	0	0	0	2	3	0	2	3	0	0	0	0	0	0	0	0	2	0	0	0	2	0	0	3	0	0
NEW85	3	3	2	0	3	0	3	0	0	3	0	0	0	3	0	2	3	0	0	0	2	0	0	0	0	0	3	0	0	0	0	3	0	0	3	3	0	0	0	0	2	0	0	2	0	3	0	2	0	0	0	0	0	0	0	0	0	0	0	0	0	0	0	0	0	0	0	0	0	2	0	0	0	0	3	3	0	2	0	2	0	0	2	0	0	0	0	0	0	0	2	0	0	3	0	0	0	3	0	2	0	0	2	0	0	0
NEW86	0	0	0	0	2	0	0	0	0	0	0	0	0	0	0	0	0	0	0	0	0	2	0	1	0	0	3	0	0	0	0	3	0	0	0	3	0	0	3	0	2	3	0	2	0	0	0	1	0	0	0	0	0	0	0	0	0	0	0	0	0	0	0	0	0	0	0	0	3	0	0	3	0	2	0	0	3	0	2	0	0	2	0	0	0	0	0	0	0	0	0	2	0	0	0	1	0	0	0	0	0	0	0	0	0	3
NEW87	2	0	0	0	2	0	0	3	0	0	0	0	2	0	0	0	2	0	0	0	0	0	0	0	0	0	0	0	3	0	0	0	2	0	3	3	0	0	0	0	2	0	0	2	0	0	0	2	0	0	0	0	0	0	0	0	2	2	2	0	0	0	0	0	2	0	0	1	0	0	3	3	0	0	0	0	0	0	0	0	0	0	1	0	0	0	0	0	0	0	0	0	0	0	0	0	0	2	2	0	0	3	0	0	0	0
NEW88	2	2	0	2	0	3	0	0	3	0	0	0	0	2	0	0	0	2	2	0	0	0	0	0	0	0	0	0	0	0	2	0	0	0	0	0	0	0	3	0	0	3	0	0	0	0	0	0	0	0	0	0	3	3	2	0	0	0	0	0	0	0	3	0	0	3	0	3	0	0	0	0	2	0	0	0	0	0	0	0	0	0	0	0	0	3	0	0	2	0	0	0	0	3	2	0	2	3	0	2	0	0	2	0	0	0
NEW89	2	0	0	0	2	0	0	3	0	0	0	0	2	0	0	0	2	0	0	0	0	0	0	0	0	0	0	0	3	0	0	0	2	0	3	3	0	0	0	0	2	0	0	2	0	0	0	2	0	0	0	0	0	0	3	0	0	0	1	3	3	0	2	0	2	0	0	0	0	0	0	0	0	0	0	0	2	0	0	0	2	0	0	0	2	0	0	0	0	0	2	0	2	3	0	0	0	3	0	2	0	0	2	0	0	0
NEW90	2	2	0	2	0	0	0	0	0	0	2	0	3	0	0	0	0	0	0	0	0	0	0	0	0	0	0	3	0	0	0	0	3	0	0	0	0	0	2	3	0	0	0	3	3	2	3	0	0	0	3	3	0	0	0	0	0	0	0	2	2	0	0	2	0	0	0	0	3	0	3	3	0	2	2	0	0	0	2	3	0	0	0	0	0	2	3	0	0	2	0	0	0	2	0	0	0	2	2	0	0	0	0	0	0	0
NEW91	2	0	0	0	2	0	0	3	0	0	0	0	2	0	0	0	2	0	0	0	0	0	0	0	0	0	0	0	3	0	0	0	2	0	3	3	0	0	0	0	2	0	0	2	0	0	0	2	0	0	0	0	0	0	0	0	2	2	2	0	0	0	0	0	1	0	2	2	2	0	0	2	0	0	0	0	1	0	0	0	0	3	0	0	0	0	0	0	0	3	3	3	0	0	0	3	0	0	0	0	0	0	0	0	0	3
NEW92	2	2	0	3	0	0	0	0	0	3	0	3	0	0	0	0	0	0	3	3	0	0	2	0	0	0	2	3	0	2	0	2	3	0	0	0	0	0	2	2	0	0	3	2	0	0	0	0	3	0	0	2	0	2	0	3	2	0	0	3	2	2	2	3	0	0	0	0	0	0	0	0	0	0	0	2	0	0	0	0	0	0	0	0	0	0	0	2	0	0	0	0	3	0	2	0	3	0	0	0	0	3	3	0	0	2
NEW93	2	2	0	2	0	3	0	0	3	0	0	0	0	2	0	0	0	2	2	0	0	0	0	0	0	0	0	0	0	0	3	0	0	0	0	0	0	0	0	0	0	0	2	3	3	0	1	0	0	0	3	3	0	0	0	0	0	0	0	2	2	0	0	2	0	0	0	0	3	0	3	3	0	2	2	0	0	0	2	3	0	0	0	0	0	2	3	0	0	0	0	0	0	2	0	0	0	2	2	0	0	0	0	3	0	0
NEW94	2	2	0	2	0	3	0	0	3	0	0	0	0	2	0	0	0	2	2	0	0	0	0	0	0	0	0	0	0	0	2	0	0	0	0	0	0	0	3	0	0	3	0	0	0	0	0	0	0	0	0	0	3	3	2	0	0	0	0	0	0	0	3	0	0	3	0	3	0	0	0	0	2	0	0	0	0	0	0	0	0	0	0	0	0	3	0	0	2	0	0	0	0	3	2	0	2	3	0	2	0	0	2	0	0	0
NEW95	2	2	0	2	0	3	0	0	3	0	0	0	0	2	0	3	0	2	2	0	0	0	0	0	0	0	0	0	0	0	3	0	0	0	0	0	0	0	0	0	0	0	2	0	0	0	2	0	3	2	0	2	0	2	3	3	3	0	3	3	3	0	2	0	0	0	0	0	0	0	0	0	0	0	0	0	2	0	0	0	2	0	0	0	2	0	0	0	0	3	0	3	0	0	0	3	0	0	0	0	0	0	0	0	0	3
NEW96	0	0	0	0	0	1	0	0	3	0	0	0	0	2	0	3	0	2	2	0	0	0	0	0	0	0	0	0	0	0	3	0	0	0	0	0	0	0	0	0	0	2	2	0	0	0	2	0	3	2	0	2	0	2	3	3	3	0	3	3	3	0	2	0	0	0	0	0	0	0	0	0	0	0	0	0	2	0	0	0	2	0	0	0	2	0	0	0	0	0	0	0	1	0	0	0	3	0	0	0	0	0	3	0	3	2
NEW97	3	3	2	0	3	0	3	0	0	0	0	0	0	0	0	2	0	0	0	0	0	0	0	0	0	0	0	0	0	0	0	0	0	0	0	2	0	0	0	0	0	0	0	0	0	0	2	0	3	2	0	2	0	2	3	3	3	0	3	3	3	0	2	0	0	0	0	0	0	0	0	0	0	0	0	0	2	0	0	0	2	0	0	0	2	0	0	0	0	0	2	0	2	3	0	0	0	3	0	2	0	3	2	0	0	0
NEW98	2	2	0	2	0	3	0	0	3	0	0	0	0	2	0	3	0	2	2	0	0	0	0	0	0	0	0	0	0	0	3	0	0	0	0	0	0	0	0	0	0	0	2	0	0	0	2	0	0	2	0	0	0	0	0	0	0	0	0	0	0	0	0	0	0	0	2	2	2	3	0	2	3	3	0	0	0	0	0	0	0	0	0	0	3	0	0	3	0	0	0	0	0	0	0	0	2	0	0	0	2	3	0	0	0	0
NEW99	3	3	2	0	3	0	3	0	0	3	0	0	0	3	0	0	3	0	0	0	2	0	0	0	0	0	0	0	0	0	1	0	0	0	0	0	0	0	0	0	0	2	2	0	0	0	2	0	0	2	0	0	0	0	0	0	0	0	0	0	0	0	0	0	0	0	2	2	2	3	0	2	3	3	0	0	0	0	0	0	0	0	0	0	3	0	0	3	2	0	0	0	0	0	0	0	2	0	0	0	2	3	0	0	0	0
NEW100	0	0	0	0	2	0	0	0	0	0	0	2	0	0	2	0	0	0	0	0	0	0	0	0	0	0	0	3	2	0	0	0	3	0	0	0	3	0	2	3	0	0	0	3	3	2	3	0	0	0	3	3	0	0	0	0	0	0	0	2	2	0	0	2	0	0	0	3	3	0	3	3	0	2	2	0	0	0	2	0	0	0	2	0	0	1	0	0	0	0	0	0	0	3	0	0	0	3	0	2	0	0	2	0	0	0
NEW101	0	0	0	0	2	0	0	0	0	0	0	2	0	0	2	0	0	0	0	0	0	0	0	0	0	0	0	3	2	0	0	0	3	0	0	0	3	0	2	3	0	0	0	3	3	2	3	0	0	0	3	3	0	0	0	0	0	0	0	2	2	0	0	2	0	0	0	3	3	0	3	3	0	2	2	0	0	0	2	0	0	0	2	0	0	1	0	0	0	0	0	0	0	3	0	0	0	3	0	2	0	0	2	0	0	0
NEW102	2	2	0	3	0	0	0	0	0	3	0	3	0	0	0	0	0	0	3	3	0	0	2	0	0	0	2	3	0	2	0	2	3	0	0	0	0	0	2	2	0	0	3	2	0	0	0	0	3	0	0	2	0	2	0	3	2	0	0	3	2	2	2	3	0	0	0	0	0	0	0	0	0	0	0	2	0	0	0	0	0	0	0	0	3	0	0	1	0	0	0	0	0	0	0	0	2	0	0	0	2	0	0	3	0	0
NEW103	0	0	0	0	2	0	0	2	0	1	0	3	0	0	0	0	0	0	3	0	0	0	0	0	0	0	2	3	0	2	0	2	3	0	0	0	0	0	2	2	0	0	3	2	0	0	0	0	3	0	0	2	0	2	0	3	2	0	0	3	2	0	2	3	0	0	0	0	0	0	0	0	0	0	0	2	0	0	0	0	0	0	0	0	0	0	0	2	2	0	0	0	3	0	2	0	3	0	0	0	0	0	3	0	3	2
NEW104	2	2	0	3	0	0	0	0	0	3	0	3	0	0	0	0	0	0	3	3	0	0	2	0	0	0	2	3	0	2	0	2	3	0	0	0	0	0	2	2	0	0	3	2	0	0	0	0	3	0	0	2	0	2	0	3	2	0	0	3	2	2	2	3	0	0	0	0	0	0	0	0	0	0	0	2	0	0	0	0	0	0	0	0	0	0	0	2	0	0	0	0	3	0	2	0	3	0	0	0	0	0	3	0	3	2
NEW105	2	2	0	3	0	0	0	0	0	3	0	3	0	0	0	0	0	0	3	3	0	0	2	0	0	0	2	3	0	2	0	2	3	0	0	0	0	0	2	2	0	0	3	2	0	0	0	0	3	0	0	2	0	2	0	3	2	0	0	3	2	2	2	3	0	0	0	0	0	0	0	0	0	0	0	2	0	0	0	0	0	0	0	0	0	0	0	2	0	0	0	0	3	0	2	0	3	0	0	0	0	0	3	0	3	2
NEW106	0	0	0	0	0	0	0	0	1	0	0	0	0	0	0	0	0	0	0	0	0	2	0	2	0	0	0	0	0	0	0	0	3	0	0	0	3	0	2	3	0	0	0	3	3	2	3	0	0	0	3	3	0	0	0	0	0	0	0	2	0	0	0	1	0	0	0	0	0	0	0	0	0	0	0	2	0	0	0	0	0	0	0	0	0	0	0	2	2	0	0	0	3	0	2	0	3	0	0	0	0	0	3	0	3	2
NEW107	3	0	2	0	3	0	3	0	0	0	0	0	0	0	0	2	0	0	0	0	1	3	0	0	3	0	0	0	0	0	0	3	0	0	3	3	0	0	3	0	2	3	0	2	0	0	0	2	0	0	0	0	3	3	2	0	0	0	0	0	0	0	3	0	0	3	0	3	0	0	0	0	2	0	0	0	0	0	0	0	0	0	0	0	0	3	0	0	2	0	0	0	0	3	2	0	2	3	0	2	0	0	2	0	0	0
NEW108	3	3	2	0	3	0	3	0	0	0	0	0	0	0	0	1	0	0	0	0	0	0	0	0	0	0	0	0	0	0	3	0	0	0	0	0	0	0	0	0	0	2	2	0	0	0	2	0	0	2	0	0	0	0	0	0	0	0	0	0	0	0	0	0	0	0	2	3	1	0	3	0	0	2	0	0	0	0	2	0	0	0	2	0	0	1	0	0	0	0	0	0	0	3	0	0	0	3	0	2	0	0	2	0	0	0
NEW109	2	2	0	2	0	3	0	0	3	0	0	0	0	2	0	3	0	2	2	0	0	0	0	0	0	0	0	0	0	0	3	0	0	0	0	0	0	0	0	0	0	0	2	0	0	0	2	0	0	2	0	0	0	0	0	0	0	0	0	0	0	0	0	0	3	0	2	0	2	0	0	2	0	0	0	0	2	0	0	0	2	0	0	0	1	0	0	3	0	0	0	0	0	0	0	0	2	0	0	0	2	0	0	3	0	0
NEW110	0	0	0	0	2	0	0	2	0	0	0	2	0	0	2	0	0	0	0	0	0	0	0	0	0	0	0	3	2	0	0	0	3	0	0	0	0	0	2	2	0	0	3	2	0	0	0	0	3	0	0	2	0	2	0	3	2	0	0	3	2	0	2	3	0	0	0	0	0	0	0	0	0	0	0	2	0	0	0	0	0	0	0	0	0	0	0	2	2	0	0	0	3	0	2	0	3	0	0	0	0	0	3	0	3	2
NEW111	2	2	0	3	0	0	0	0	0	0	0	0	0	0	0	0	0	0	0	0	2	0	0	0	0	0	0	0	0	0	2	0	0	0	0	0	0	0	2	2	0	0	3	0	0	0	0	0	3	0	0	2	0	2	0	3	2	0	0	3	2	2	2	3	0	0	0	0	0	0	0	0	0	0	0	2	0	0	0	0	0	0	0	0	0	0	0	2	2	0	0	0	3	0	2	0	3	0	0	0	0	0	3	0	3	2
NEW112	2	2	0	3	0	0	0	0	0	0	0	0	0	0	0	0	0	0	0	0	2	0	0	0	0	0	0	0	0	0	2	0	0	0	0	0	0	0	2	2	0	0	3	0	0	0	0	0	3	0	0	2	0	2	0	3	2	0	0	3	2	2	2	3	0	0	0	0	0	0	0	0	0	0	0	2	0	0	0	0	0	0	0	0	0	0	0	2	2	0	0	0	3	0	2	0	3	0	0	0	0	0	3	0	3	2
NEW113	3	0	2	0	3	0	3	0	0	0	0	0	0	0	0	2	0	0	0	0	1	3	0	0	3	0	0	0	0	0	0	3	0	0	3	3	0	0	3	0	2	3	0	2	0	0	0	2	0	0	0	0	3	3	2	0	0	0	0	0	0	0	3	0	0	3	0	3	0	0	0	0	2	0	0	0	0	0	0	0	0	0	0	0	0	3	0	0	2	0	0	0	0	3	2	0	2	3	0	2	0	0	2	0	0	0
NEW114	2	0	0	3	0	0	0	0	0	0	0	3	0	0	0	0	0	0	3	3	0	0	1	0	0	0	2	0	0	0	0	0	0	0	0	0	0	3	0	0	3	2	2	0	0	0	0	3	0	0	0	0	0	0	0	2	0	0	0	0	0	0	3	0	0	1	0	3	0	0	0	0	2	0	0	0	0	0	0	0	0	0	0	0	0	3	0	0	2	0	0	0	0	3	2	0	2	3	0	2	0	0	2	0	0	0
NEW115	2	2	0	2	0	3	0	0	3	0	0	0	0	2	0	3	0	2	2	0	0	0	0	0	0	0	0	0	0	0	3	0	0	0	0	0	0	0	0	0	0	0	2	0	0	0	2	0	0	2	0	0	0	0	0	0	0	0	0	0	0	0	0	0	3	0	2	0	2	0	0	2	0	0	0	0	2	0	0	0	2	0	0	0	1	0	0	3	0	0	0	0	0	0	0	0	2	0	0	0	2	0	0	3	0	0
NEW116	0	0	0	0	0	0	0	0	1	0	0	0	0	0	0	0	0	0	0	0	0	2	0	2	0	0	0	0	0	0	0	0	3	0	0	0	3	0	2	3	0	0	0	3	3	2	3	0	0	0	3	3	0	0	0	0	0	0	0	2	0	0	0	2	0	0	0	0	0	0	0	0	0	0	0	0	2	0	0	0	2	0	0	0	2	0	0	0	3	0	0	0	0	0	3	0	0	0	0	3	0	0	3	0	1	0
NEW117	0	0	0	0	2	0	3	2	0	2	0	0	0	3	0	0	3	0	0	0	2	0	3	0	0	0	0	0	0	0	2	0	0	0	0	0	0	3	0	0	3	2	2	0	0	0	0	3	0	0	0	0	0	0	0	2	0	0	0	0	0	0	3	0	0	1	0	3	0	0	0	0	2	0	0	0	0	0	0	0	0	0	0	0	0	3	0	0	2	0	0	0	0	3	2	0	2	3	0	2	0	0	2	0	0	0
NEW118	0	0	0	0	2	0	0	2	0	1	0	3	0	0	0	0	0	0	3	0	0	0	0	0	0	0	2	3	0	2	0	2	3	0	0	0	0	0	2	2	0	0	3	2	0	0	0	0	3	0	0	2	0	2	0	3	2	0	0	3	2	0	2	3	0	0	0	0	0	0	0	0	0	0	0	2	0	0	0	0	0	0	0	0	0	0	0	2	2	0	0	0	3	0	2	0	3	0	0	0	0	0	3	3	0	2
NEW119	0	0	0	0	2	0	3	2	0	2	0	0	0	3	0	0	3	0	0	0	2	0	3	0	0	0	0	0	0	0	2	0	0	0	0	0	0	3	0	0	3	2	2	0	0	0	0	3	0	0	0	0	0	0	0	2	0	3	0	0	0	0	0	0	0	0	3	0	0	0	2	0	0	0	0	0	2	0	0	0	2	0	0	2	2	0	0	0	3	0	0	0	0	0	3	0	0	0	3	3	0	0	0	3	2	0
NEW120	0	0	0	0	2	0	0	0	0	0	0	2	0	0	2	0	0	0	0	0	0	0	0	0	0	0	0	3	2	0	0	0	3	0	0	0	3	0	2	3	0	0	0	3	3	2	3	0	0	0	3	3	0	0	0	0	0	0	0	2	2	0	0	2	0	0	0	3	3	0	3	3	0	2	2	0	0	0	2	0	0	0	2	0	0	1	0	0	0	0	0	0	3	3	0	0	0	3	0	2	0	3	1	0	3	0
NEW121	0	0	0	0	2	0	3	2	0	2	0	0	0	3	0	0	3	0	0	0	2	0	3	0	0	0	0	0	0	0	2	0	0	0	0	0	0	3	0	0	3	2	2	0	0	0	0	3	0	0	0	0	0	0	0	2	0	3	0	0	0	0	0	0	0	0	3	0	0	0	2	0	0	0	0	0	2	0	0	0	2	0	0	2	2	0	0	0	3	0	0	0	0	0	3	0	0	0	3	3	0	0	0	3	2	0
NEW122	0	0	0	0	2	0	3	2	0	2	0	0	0	3	0	0	3	0	0	0	2	0	3	0	0	0	0	0	0	0	2	0	0	0	0	0	0	3	0	0	3	2	2	0	0	0	0	3	0	0	0	0	0	0	0	2	0	3	0	0	0	0	0	0	0	0	3	0	0	0	2	0	0	0	0	0	2	0	0	0	2	0	0	2	2	0	0	0	3	0	0	0	0	0	3	0	0	0	3	3	0	0	0	3	2	0
NEW123	0	0	0	0	2	0	0	0	0	0	0	2	0	0	2	0	0	0	0	0	0	0	0	0	0	0	0	3	2	0	0	0	3	0	0	0	3	0	2	3	0	0	0	3	3	2	3	0	0	0	3	3	0	0	0	0	0	0	0	2	2	0	0	2	0	0	0	3	3	0	3	3	0	2	2	0	0	0	2	0	0	0	2	0	0	1	0	0	0	0	0	0	0	3	0	0	0	3	0	2	0	0	2	0	0	0
NEW124	2	2	0	3	0	0	0	0	0	3	0	3	0	0	0	0	0	0	3	3	0	0	2	0	0	0	2	0	0	1	0	2	0	0	0	0	0	0	0	0	0	0	0	0	0	0	0	3	0	0	0	0	0	0	0	2	0	3	0	0	0	0	0	0	0	0	0	0	0	0	1	3	0	2	0	0	0	0	0	3	0	0	0	0	0	2	3	0	0	2	0	0	0	2	0	0	0	2	2	0	0	0	0	3	0	0
NEW125	0	0	0	0	2	0	0	2	0	0	0	2	0	0	2	0	0	0	0	0	0	0	0	0	0	0	0	3	2	0	0	0	3	0	0	0	0	0	2	2	0	0	3	2	0	0	0	0	3	0	0	2	0	2	0	3	2	0	0	3	2	0	2	3	0	0	0	0	0	0	0	0	0	0	0	2	0	0	0	0	0	0	0	0	0	0	0	2	2	0	0	0	3	0	2	0	3	0	0	0	0	0	3	0	3	2
NEW126	0	0	0	0	2	0	0	0	0	0	0	1	0	0	0	0	0	0	3	0	0	0	0	0	0	0	0	3	0	2	0	2	3	0	0	0	3	0	2	3	0	0	0	3	3	2	3	0	0	0	3	3	0	0	0	0	0	0	0	2	2	0	0	2	0	0	0	0	3	0	3	3	0	2	2	0	0	0	2	3	0	0	0	0	0	2	3	0	0	2	0	0	0	2	0	0	0	2	2	0	0	0	0	3	0	0
NEW127	2	2	0	3	0	0	0	0	0	3	0	3	0	0	0	0	0	0	3	3	0	0	2	0	0	0	2	3	0	2	0	2	3	0	0	0	0	0	2	2	0	0	3	2	0	0	0	0	3	0	0	2	0	2	0	3	2	0	0	3	2	2	2	3	0	0	0	0	0	0	0	0	0	0	0	2	0	0	0	0	0	0	0	0	0	0	0	2	0	0	0	0	3	0	2	0	3	0	0	0	0	0	3	0	3	2
NEW128	0	0	0	0	2	0	0	0	0	0	0	2	0	0	2	0	0	0	0	0	0	0	0	0	0	0	0	3	2	0	0	0	3	0	0	0	3	0	2	3	0	0	0	3	3	2	3	0	0	0	3	3	0	0	0	0	0	0	0	2	2	0	0	2	0	0	0	3	3	0	3	3	0	2	2	0	0	0	2	0	0	0	2	0	0	1	0	0	0	0	0	0	0	3	0	0	0	3	0	2	0	0	2	0	0	0
NEW129	2	2	0	3	0	0	0	0	0	0	0	0	0	0	0	0	0	0	0	0	2	0	0	0	0	0	0	0	0	0	2	0	0	0	0	0	0	0	2	2	0	0	3	0	0	0	0	0	3	0	0	2	0	2	0	3	2	0	0	3	2	2	2	3	0	0	0	0	0	0	0	0	0	0	0	2	0	0	0	0	0	0	0	0	0	0	0	2	2	0	0	0	3	0	2	0	3	0	0	0	0	0	3	0	3	2
NEW130	2	2	0	3	0	0	0	0	0	0	0	3	0	0	0	0	0	0	3	3	3	0	2	0	0	0	1	0	0	2	0	3	0	0	0	3	0	0	3	0	2	3	0	2	0	0	0	2	0	0	0	0	3	3	2	0	0	0	0	0	0	0	3	0	0	3	0	3	0	0	0	0	2	0	0	0	0	0	0	0	0	0	0	0	0	3	0	0	2	0	0	0	0	3	2	0	2	3	0	2	0	0	2	0	0	0
NEW131	0	0	0	0	2	0	3	2	0	2	0	0	0	3	0	0	3	0	0	0	2	0	3	0	0	0	0	0	0	0	2	0	0	0	0	0	0	3	0	0	3	2	2	0	0	0	0	3	0	0	0	0	0	0	0	2	0	0	0	0	0	0	3	0	0	1	0	3	0	0	0	0	2	0	0	0	0	0	0	0	0	0	0	0	0	3	0	0	2	0	0	0	0	3	2	0	2	3	0	2	0	0	2	0	0	0
NEW132	0	0	0	0	2	0	3	2	0	2	0	0	0	3	0	0	3	0	0	0	2	0	0	0	0	0	0	0	0	0	2	0	0	0	0	0	0	0	2	2	0	0	3	0	0	0	0	0	3	0	0	2	0	2	0	3	2	0	0	3	2	0	2	3	0	0	0	0	0	0	0	0	0	0	0	2	0	0	0	0	0	0	0	0	0	0	0	2	2	0	0	0	3	0	2	0	3	0	0	0	0	0	3	0	3	2
NEW133	2	2	0	3	0	0	0	0	0	3	0	3	0	0	0	0	0	0	3	3	0	0	2	0	0	0	2	3	0	2	0	2	3	0	0	0	0	0	2	2	0	0	3	2	0	0	0	0	3	0	0	2	0	2	0	3	2	0	0	3	2	2	2	3	0	0	0	0	0	0	0	0	0	0	0	2	0	0	0	0	0	0	0	0	0	0	0	2	0	0	0	0	3	0	2	0	3	0	0	0	0	0	3	0	3	2
NEW134	2	2	0	3	0	0	0	0	0	3	0	3	0	0	0	0	0	0	3	3	0	0	2	0	0	0	2	3	0	2	0	2	3	0	0	0	0	0	2	2	0	0	3	2	0	0	0	0	3	0	0	1	0	2	0	0	3	0	3	2	3	0	0	2	0	0	0	0	0	0	0	0	0	0	0	0	2	0	0	0	2	0	0	0	2	0	0	0	3	0	0	0	0	0	3	0	0	0	3	3	0	0	0	3	2	0
NEW135	2	2	0	3	0	0	0	0	0	0	0	0	0	0	0	0	0	0	0	0	2	0	0	0	0	0	0	0	0	0	2	0	0	0	0	0	0	0	2	2	0	0	3	0	0	0	0	0	3	0	0	2	0	2	0	3	2	0	0	3	2	2	2	3	0	0	0	0	0	0	0	0	0	0	0	2	0	0	0	0	0	0	0	0	0	0	0	2	2	0	0	0	3	0	2	0	3	0	0	0	0	0	3	0	3	2
NEW136	0	0	0	0	2	0	3	2	0	2	0	0	0	3	0	0	3	0	0	0	2	0	0	0	0	0	0	0	0	0	2	0	0	0	0	0	0	0	2	2	0	0	3	0	0	0	0	0	3	0	0	2	0	2	0	3	2	0	0	3	2	0	2	3	0	0	0	0	0	0	0	0	0	0	0	2	0	0	0	0	0	0	0	0	0	0	0	2	2	0	0	0	3	0	2	0	3	0	0	0	0	0	3	0	3	2
NEW137	0	0	0	1	0	2	0	0	0	3	0	3	0	0	0	0	0	0	3	3	0	0	2	0	0	0	2	3	0	2	0	2	3	0	0	0	0	0	2	2	0	0	3	2	0	0	0	0	3	0	0	2	0	2	0	3	2	0	0	3	2	2	2	3	0	0	0	0	0	0	0	0	0	0	0	2	0	0	0	0	0	0	0	0	0	0	0	2	2	0	0	0	3	0	2	0	3	0	0	0	0	0	3	0	3	2
NEW138	2	2	0	3	0	0	0	0	0	0	0	0	0	0	0	0	0	0	0	0	2	0	0	0	0	0	0	0	0	0	2	0	0	0	0	0	0	0	2	2	0	0	3	0	0	0	0	0	3	0	0	2	0	2	0	3	2	0	0	3	2	2	2	3	0	0	0	0	0	0	0	0	0	0	0	2	0	0	0	0	0	0	0	0	0	0	0	2	2	0	0	0	3	0	2	0	3	0	0	0	0	0	3	0	3	2
NEW139	2	2	0	3	0	0	0	0	0	3	0	3	0	0	0	0	0	0	3	3	0	0	2	0	0	0	2	3	0	2	0	2	3	0	0	0	0	0	2	2	0	0	3	2	0	0	0	0	3	0	0	2	0	2	0	3	2	0	0	3	2	2	2	3	0	0	0	0	0	0	0	0	0	0	0	2	0	0	0	0	0	0	0	0	0	0	0	2	0	0	0	0	3	0	2	0	3	0	0	0	0	0	3	0	3	2
NEW140	2	0	0	3	0	0	0	0	0	0	0	3	0	0	0	0	0	0	3	3	0	0	1	0	0	0	2	0	0	0	0	0	0	0	0	0	0	3	0	0	3	2	2	0	0	0	0	3	0	0	0	0	0	0	0	2	0	0	0	0	0	0	3	0	0	1	0	3	0	0	0	0	2	0	0	0	0	0	0	0	0	0	0	0	0	3	0	0	2	0	0	0	0	3	2	0	2	3	0	2	0	0	2	0	0	0
NEW141	0	0	0	0	2	0	0	2	0	0	0	2	0	0	2	0	0	0	0	0	0	0	0	0	0	0	0	3	2	0	0	0	3	0	0	0	0	0	2	2	0	0	3	2	0	0	0	0	3	0	0	2	0	2	0	3	2	0	0	3	2	0	2	3	0	0	0	0	0	0	0	0	0	0	0	2	0	0	0	0	0	0	0	0	0	0	0	2	2	0	0	0	3	0	2	0	3	0	0	0	0	0	3	0	3	2
NEW142	0	0	0	0	2	0	0	0	0	0	0	2	0	0	2	0	0	0	0	0	0	0	0	0	0	0	0	3	2	0	0	0	3	0	0	0	3	0	2	3	0	0	0	3	3	2	3	0	0	0	3	3	0	0	0	0	0	0	0	2	2	0	0	2	0	0	0	0	3	0	3	3	0	2	2	0	0	0	2	3	0	0	0	0	0	2	3	0	0	2	0	0	0	2	0	0	0	2	2	0	0	0	0	3	0	0
NEW143	0	0	0	0	2	0	3	2	0	2	0	0	0	3	0	0	3	0	0	0	2	0	0	0	0	0	0	0	0	0	2	0	0	0	0	0	0	0	2	2	0	0	3	0	0	0	0	0	3	0	0	2	0	2	0	3	2	0	0	3	2	0	2	3	0	0	0	0	0	0	0	0	0	0	0	2	0	0	0	0	0	0	0	0	0	0	0	2	2	0	0	0	3	0	2	0	3	0	0	0	0	0	3	0	3	2
NEW144	2	2	0	3	0	0	0	0	0	3	0	3	0	0	0	0	0	0	3	3	0	0	2	0	0	0	2	3	0	2	0	2	3	0	0	0	0	0	2	2	0	0	3	2	0	0	0	0	3	0	0	2	0	2	0	3	2	0	0	3	2	2	2	3	0	0	0	0	0	0	0	0	0	0	0	2	0	0	0	0	0	0	0	0	0	0	0	2	0	0	0	0	3	0	2	0	3	0	0	0	0	0	3	0	3	2
NEW145	0	0	0	0	0	0	0	3	0	0	0	0	2	0	0	0	2	0	0	0	0	0	0	2	0	0	0	0	0	3	0	0	0	2	0	0	0	0	0	0	0	0	0	0	0	0	0	3	0	0	0	0	0	0	0	2	0	3	0	0	0	0	0	0	0	0	0	0	0	0	1	3	0	2	0	0	0	0	0	3	0	0	0	0	0	2	3	0	0	2	0	0	0	2	0	0	0	2	2	0	0	0	0	3	0	0
NEW146	0	0	0	0	0	0	0	3	0	0	0	0	2	0	0	0	2	0	0	0	0	0	0	2	0	0	0	0	0	3	0	0	0	2	0	0	0	0	0	0	0	0	0	0	0	0	0	3	0	0	0	0	0	0	3	1	0	0	0	3	0	0	2	3	0	0	0	0	0	0	0	0	0	0	0	2	0	0	0	0	0	0	0	0	0	0	0	2	2	0	0	0	3	0	2	0	3	0	0	0	0	0	3	0	3	2
NEW147	0	0	0	0	0	0	0	0	1	0	0	0	0	0	0	0	0	0	0	0	0	2	0	2	0	0	0	0	0	0	0	0	3	0	0	0	3	0	2	3	0	0	0	3	3	2	3	0	0	0	3	3	0	0	0	3	0	0	3	1	2	0	2	3	0	0	0	0	0	0	0	0	0	0	0	2	3	0	0	0	0	0	0	0	1	0	0	3	0	0	0	0	0	0	0	0	2	0	0	0	2	0	0	3	0	0
NEW148	2	2	0	3	0	0	0	0	0	3	0	3	0	0	0	0	0	0	3	3	0	0	2	0	0	0	2	3	0	2	0	2	3	0	0	0	0	0	2	2	0	0	3	2	0	0	0	0	3	0	0	2	0	2	0	3	2	0	0	3	2	2	2	3	0	0	0	0	0	0	0	0	0	0	0	2	0	0	0	0	0	0	0	0	0	0	0	2	0	0	0	0	3	0	2	0	3	0	0	0	0	0	3	0	3	2
NEW149	0	0	0	0	2	0	0	2	0	0	0	2	0	0	2	0	0	0	0	0	0	0	0	0	0	0	0	3	2	0	0	0	3	0	0	0	0	0	1	2	0	3	0	2	0	0	0	0	0	0	0	0	3	3	2	0	0	0	0	0	0	0	3	0	0	3	0	3	0	0	0	0	2	0	0	0	0	0	0	0	0	0	0	0	0	3	0	0	2	0	0	0	0	3	2	0	0	3	0	2	0	0	2	0	0	0
NEW150	2	2	0	2	0	3	0	0	3	0	0	0	0	2	0	0	0	2	2	0	0	0	0	0	0	0	0	0	0	0	2	0	0	0	0	0	0	0	3	0	0	3	0	0	0	0	0	0	0	0	0	0	3	3	2	0	0	0	0	0	0	0	3	0	0	3	0	3	0	0	0	0	2	0	0	0	0	0	0	0	0	3	0	0	0	0	0	0	0	3	3	3	0	0	0	3	0	0	0	0	0	0	0	0	0	3
NEW151	2	0	0	0	2	0	0	3	0	0	0	0	2	0	0	0	2	0	0	0	0	0	0	0	0	0	0	0	3	0	0	0	2	0	0	0	0	0	0	0	0	0	0	0	0	0	0	0	0	0	2	0	1	3	0	0	0	0	0	0	0	0	3	0	0	3	0	3	0	0	0	0	2	0	0	0	0	0	0	0	0	0	0	0	3	0	0	3	2	0	0	0	0	0	2	0	2	0	0	0	2	3	0	0	0	0
NEW152	1	3	2	0	3	0	3	0	0	3	0	0	0	3	0	2	3	0	0	0	2	0	0	0	0	0	3	0	0	0	0	3	0	0	3	3	0	0	0	0	2	0	0	2	0	3	0	2	0	0	0	0	0	0	0	0	0	0	0	0	0	0	0	0	0	0	0	0	0	2	0	0	0	0	3	3	0	2	0	2	0	0	2	0	0	0	0	0	0	0	2	0	0	3	0	0	0	3	0	2	0	0	2	0	0	0
NEW153	3	3	2	0	3	0	3	0	0	3	0	0	0	3	0	2	3	0	0	0	2	0	0	0	0	0	3	0	0	0	0	3	0	0	3	3	0	0	0	0	2	0	0	2	0	3	0	2	0	0	0	0	0	0	0	0	0	0	0	0	0	0	0	0	0	0	0	0	0	2	0	0	0	0	3	3	0	2	0	2	0	0	2	0	0	0	0	0	0	0	2	0	0	3	0	0	0	3	0	2	0	0	2	0	0	0
NEW154	2	0	0	0	2	0	0	3	0	0	0	0	2	0	0	0	2	0	0	0	0	0	0	0	0	0	0	0	3	0	0	0	2	0	3	3	0	0	0	0	2	0	0	2	0	0	0	2	0	0	0	0	0	0	0	0	2	2	2	0	0	0	3	0	2	3	2	2	2	0	0	2	2	0	0	0	0	0	0	0	0	0	0	0	3	0	0	3	2	0	0	0	0	0	2	0	2	0	0	0	2	3	0	0	0	0
NEW155	0	0	0	0	2	0	0	0	0	0	2	0	0	0	0	0	0	0	0	3	0	0	0	2	0	0	0	0	0	0	0	0	3	0	0	0	3	0	2	3	0	0	0	3	3	2	3	0	0	0	3	3	0	0	0	0	0	0	0	2	2	0	0	2	0	0	0	0	3	0	3	3	0	2	2	0	0	0	2	3	0	0	0	0	0	2	0	0	0	2	0	0	0	2	0	0	0	2	2	0	3	3	0	0	0	0
NEW156	0	0	0	1	0	2	0	0	0	0	0	0	0	0	0	0	0	0	3	3	0	0	0	2	0	3	2	3	0	0	0	2	3	0	2	0	0	0	2	2	0	0	3	2	2	0	0	0	3	0	0	2	0	2	3	3	3	0	3	3	3	0	2	0	0	0	0	0	0	0	0	0	0	0	0	0	2	0	0	0	2	0	0	0	2	0	0	0	0	3	0	3	0	0	0	3	0	0	0	0	0	0	0	0	0	3
NEW157	0	0	2	2	0	0	0	0	0	0	2	0	0	0	0	0	0	0	0	0	0	0	0	0	2	2	3	0	0	0	0	3	0	0	3	3	0	0	0	0	2	0	0	2	0	0	0	2	0	0	0	0	0	0	0	0	0	0	0	0	0	0	0	0	0	0	2	2	2	3	0	2	3	3	0	0	0	0	3	0	0	0	0	2	3	0	2	3	0	0	0	0	0	0	0	0	0	0	0	0	1	3	0	0	0	0
NEW158	2	2	0	2	0	3	0	0	3	0	0	0	0	2	0	0	0	2	2	0	0	0	0	0	0	0	3	0	0	0	0	3	0	3	3	3	0	0	0	0	2	0	0	1	3	0	3	2	0	0	3	3	0	0	0	0	0	0	0	2	2	0	0	2	0	0	0	3	3	0	3	3	0	2	2	0	0	0	2	0	0	0	2	0	0	2	0	0	0	1	0	3	0	2	0	3	0	0	0	0	0	0	0	0	0	3
NEW159	3	3	2	0	3	0	3	0	0	3	0	0	0	3	0	2	3	0	0	0	2	0	0	0	0	0	3	0	0	0	0	3	0	0	3	3	0	0	0	0	2	0	0	2	0	3	0	2	0	0	0	0	0	0	0	0	0	0	0	0	0	0	0	0	0	0	0	0	0	2	0	0	0	0	3	3	0	2	0	2	0	0	2	0	0	0	0	0	0	0	2	0	0	3	0	0	0	3	0	2	0	0	2	0	0	0
NEW160	0	0	0	0	2	0	0	0	0	0	0	2	0	0	2	0	0	0	0	0	3	3	0	0	3	0	0	0	2	0	0	0	0	0	0	0	0	0	0	1	0	0	0	3	3	0	3	0	0	0	3	3	0	0	0	0	0	0	0	2	2	0	0	2	0	0	0	0	3	0	3	3	0	2	2	0	0	0	2	3	0	0	0	0	0	2	3	0	0	2	0	0	0	2	0	0	0	2	2	0	0	0	0	3	0	0
NEW161	3	3	2	0	3	0	3	0	0	3	0	0	0	3	0	2	3	0	0	0	2	0	0	0	0	0	3	0	0	0	0	3	0	0	3	3	0	0	0	0	2	0	0	2	0	3	0	2	0	0	0	0	0	0	0	0	0	0	0	0	0	0	0	0	0	0	0	0	0	1	0	0	3	3	0	0	0	0	3	0	0	0	0	2	3	0	2	3	0	0	0	0	0	0	0	0	2	0	0	0	2	0	0	3	0	0
NEW162	0	0	2	2	0	0	0	0	0	0	2	0	0	0	0	0	0	0	0	0	0	0	0	0	0	2	0	2	3	0	0	0	0	0	0	0	0	0	0	0	0	0	0	0	0	0	0	0	0	0	1	0	2	0	0	0	0	0	0	2	0	0	0	0	0	0	0	0	3	0	3	3	0	2	2	0	0	0	2	3	0	0	0	0	0	2	0	0	0	2	0	0	0	2	0	0	0	1	0	2	0	0	2	0	0	0
NEW163	0	0	0	0	2	0	0	2	0	0	0	0	0	0	0	0	0	0	0	0	0	2	0	1	0	0	3	0	0	0	0	3	0	0	0	3	0	0	3	0	2	3	0	2	0	0	0	1	0	0	0	0	0	0	0	0	0	0	0	0	0	0	0	0	0	0	0	0	3	0	0	3	0	0	2	0	0	0	1	0	0	2	0	0	3	0	0	3	0	0	0	0	0	0	0	0	2	0	0	0	2	0	0	3	0	0
NEW164	2	2	0	2	0	3	0	0	0	0	0	0	0	0	0	0	3	2	2	0	0	0	0	0	0	0	3	0	0	0	0	3	0	0	3	0	0	3	0	0	1	0	0	2	0	0	0	2	0	0	0	0	0	0	0	0	0	2	2	0	0	0	3	0	2	3	2	2	2	0	0	2	2	0	0	0	0	0	0	0	0	0	0	0	0	3	0	0	2	0	0	0	0	3	2	0	0	0	3	0	0	0	0	2	0	0
NEW165	0	0	2	2	0	0	0	0	0	0	2	0	0	0	0	0	0	0	0	0	0	0	0	0	2	2	3	0	0	0	0	3	0	0	3	3	0	0	0	0	2	0	0	2	0	0	0	2	0	0	0	0	0	0	0	0	0	0	0	0	0	0	0	0	0	0	2	0	0	0	3	1	0	2	0	0	0	0	2	0	0	0	0	0	0	2	0	0	0	0	3	0	0	2	0	3	0	0	0	0	0	0	0	0	0	3
NEW166	3	0	2	0	3	0	3	0	0	0	0	0	0	0	0	2	0	0	0	0	1	3	0	0	3	0	0	0	0	0	0	3	0	0	3	3	0	0	3	0	2	3	0	2	0	0	0	2	0	0	0	0	3	3	2	0	0	0	0	0	0	0	3	0	0	3	0	3	0	0	0	0	2	0	0	0	0	0	0	0	0	0	0	0	0	3	0	0	2	0	0	0	0	3	2	0	2	3	0	2	0	0	2	0	0	0
NEW167	0	0	2	2	0	0	0	0	0	0	2	0	0	0	0	0	0	3	3	0	0	0	0	0	2	2	0	3	0	0	0	0	3	0	0	0	0	0	2	3	0	0	0	3	3	2	3	0	0	0	3	3	0	0	0	0	0	0	0	2	1	0	0	0	0	0	0	0	0	0	0	0	0	0	0	0	2	0	0	0	2	0	0	0	2	0	0	0	0	0	0	0	0	0	3	0	0	0	3	3	0	0	0	3	2	0
NEW168	2	2	0	2	0	3	0	0	3	0	0	0	0	2	0	0	0	2	2	0	0	0	0	0	0	0	0	0	0	0	2	0	0	0	0	0	0	0	3	0	0	3	0	0	0	0	0	0	0	0	0	0	3	3	2	0	0	0	0	0	0	0	3	0	0	3	0	3	0	0	0	0	2	0	0	0	0	0	0	0	0	0	0	0	0	3	0	0	2	0	0	0	0	3	2	0	2	3	0	2	0	0	2	0	0	0
NEW169	0	0	2	2	0	0	0	0	0	0	1	0	0	0	0	0	0	0	0	0	0	0	0	0	0	0	0	0	0	0	0	0	0	0	0	2	0	1	0	0	3	0	0	0	2	0	0	0	0	0	0	0	0	0	0	0	0	2	2	0	0	0	3	0	2	3	2	2	2	0	0	2	2	0	0	0	0	0	0	0	0	0	0	0	0	3	0	0	2	0	0	0	0	3	2	0	0	0	0	0	0	0	0	1	0	0
NEW170	0	0	0	0	0	0	2	3	0	0	0	0	2	0	0	0	2	0	0	0	0	0	0	2	0	0	0	0	0	0	0	0	2	1	0	0	0	0	0	0	0	3	0	2	0	0	0	0	3	0	0	2	0	2	0	3	2	0	0	3	2	2	2	3	0	0	0	0	0	0	0	0	0	0	0	2	0	0	0	0	0	0	0	0	0	0	0	2	2	0	0	0	3	0	2	0	3	0	0	0	0	0	0	0	0	1
NEW171	2	2	0	2	0	3	0	0	0	0	0	0	0	0	0	0	3	2	2	0	0	0	0	0	0	0	3	0	0	0	0	3	0	0	0	0	0	0	0	0	0	0	3	0	3	0	0	0	0	0	0	0	0	0	0	0	0	1	0	0	0	2	0	0	0	0	3	0	0	0	2	0	0	0	0	0	2	0	3	0	2	0	0	1	0	0	0	0	0	0	0	0	0	0	0	3	0	0	0	0	0	0	0	0	0	3
NEW172	0	0	0	0	0	3	0	0	0	0	0	0	0	3	0	0	3	0	0	0	0	0	0	0	0	0	3	0	0	0	0	3	0	0	3	3	0	0	0	0	2	0	0	2	0	0	0	2	1	0	0	2	0	2	0	3	0	0	0	3	2	2	2	3	0	0	0	0	0	0	0	0	0	0	0	2	0	0	0	0	0	0	0	0	0	0	0	2	2	0	0	0	3	0	2	0	3	0	0	0	0	0	0	0	0	1
NEW173	0	0	0	0	0	2	0	0	0	0	0	0	0	0	0	0	0	0	0	2	0	0	0	0	0	0	3	0	0	0	0	3	0	0	3	3	0	0	0	0	2	0	0	2	0	0	0	2	0	0	0	0	0	0	0	0	0	0	0	0	0	0	0	0	0	0	2	2	2	3	0	2	3	3	0	0	0	0	3	0	0	0	0	2	3	0	2	3	0	0	0	0	0	0	0	0	2	0	0	0	2	0	0	3	0	0
NEW174	0	0	0	0	3	0	1	0	0	3	0	0	0	3	0	0	3	0	0	0	2	0	0	0	0	0	3	0	0	0	0	3	0	0	3	3	0	0	0	0	2	0	0	2	0	3	0	2	0	0	0	0	0	0	0	0	0	0	0	0	0	0	0	0	0	0	0	0	0	2	0	0	0	0	0	3	0	2	0	1	3	0	3	0	0	0	0	0	0	0	0	0	0	0	0	0	0	2	2	0	0	0	0	0	0	3
NEW175	0	0	2	2	0	0	0	0	0	0	2	0	0	0	0	0	0	3	3	0	0	0	0	0	2	2	0	3	0	0	0	0	3	0	0	0	0	0	2	3	0	0	0	3	3	2	3	0	0	0	3	3	0	0	0	0	0	0	0	2	2	0	0	2	0	0	0	0	3	0	3	3	0	2	2	0	0	0	2	3	0	0	0	0	0	2	0	0	0	2	0	0	0	2	0	0	0	2	2	0	3	3	0	0	0	0
NEW176	0	0	0	0	2	0	0	0	0	0	0	2	0	0	2	0	0	0	0	0	0	0	0	0	0	0	0	3	2	0	0	0	3	0	0	0	3	0	2	3	0	0	0	3	3	2	3	0	0	0	3	3	0	0	0	0	0	0	0	2	2	0	0	2	0	0	0	3	3	0	3	3	0	2	2	0	0	0	2	0	0	0	2	0	0	1	0	0	0	0	0	0	0	3	0	0	0	3	0	2	0	0	2	0	0	0
NEW177	0	0	0	1	0	2	0	0	0	0	0	0	0	0	0	0	0	0	3	3	0	0	0	2	0	3	2	3	0	0	0	2	3	0	2	0	0	0	2	2	0	0	3	2	2	0	0	0	3	0	0	2	0	2	0	3	2	0	0	3	2	2	2	3	0	0	0	0	0	0	0	0	0	0	3	1	0	0	0	0	0	0	2	0	0	0	0	0	0	0	2	0	0	0	0	3	0	0	0	0	0	0	0	0	0	3
NEW178	2	2	0	2	0	0	0	0	0	0	2	0	3	0	0	0	0	0	0	0	0	0	0	0	0	0	0	3	0	0	0	0	3	0	0	0	0	0	2	3	0	0	0	3	3	2	3	0	0	0	3	3	0	0	0	0	0	0	0	2	2	0	0	2	0	0	0	0	3	0	3	3	0	2	2	0	0	0	2	3	0	0	0	0	0	2	3	0	0	2	0	0	0	2	0	0	0	2	2	0	0	0	0	0	0	0
NEW179	0	0	0	0	2	0	0	0	0	0	0	2	0	0	2	0	0	0	0	0	3	3	0	0	3	0	0	0	2	0	0	0	0	0	0	0	0	0	0	1	0	0	0	3	3	0	3	0	0	0	3	3	0	0	0	0	0	0	0	2	2	0	0	2	0	0	0	0	3	0	3	3	0	2	2	0	0	0	2	3	0	0	0	0	0	2	0	0	0	2	0	0	0	2	0	0	0	2	2	0	0	0	0	0	0	0
NEW180	0	0	0	0	0	3	0	0	0	0	0	0	0	3	0	0	3	0	0	0	0	0	0	0	0	0	3	0	0	0	0	3	0	0	3	3	0	0	0	0	2	0	0	2	0	0	0	2	2	3	0	0	0	0	0	0	0	3	0	0	0	3	0	0	0	0	0	0	0	0	0	0	0	0	0	0	2	0	0	0	2	0	0	0	0	0	0	0	0	0	0	0	0	0	0	0	0	2	2	0	0	3	0	0	0	0
NEW181	0	0	0	0	2	0	0	0	0	0	0	2	0	0	2	0	0	0	0	0	3	3	0	0	3	0	0	0	2	0	0	0	0	0	0	0	0	0	0	1	0	0	0	3	3	0	3	0	0	0	3	3	0	0	0	0	0	0	0	2	2	0	0	2	0	0	0	0	3	0	3	3	0	2	2	0	0	0	2	3	0	0	0	0	0	2	0	0	0	2	0	0	0	2	0	0	0	2	2	0	0	0	0	0	0	0
NEW182	2	2	0	2	0	0	0	0	0	0	0	0	0	0	0	0	0	3	0	0	0	3	0	0	1	2	0	0	0	0	0	0	0	0	0	3	0	0	0	0	0	0	0	0	0	0	0	0	0	0	2	0	1	3	0	0	0	0	0	0	0	0	3	0	0	3	0	3	0	0	0	0	2	0	0	0	0	0	0	0	0	0	0	0	0	0	0	0	1	0	0	0	0	0	0	0	0	0	3	3	0	0	0	3	2	0
NEW183	0	0	0	0	2	0	0	0	0	0	0	2	0	0	2	0	0	0	0	0	3	3	0	0	3	0	0	0	2	0	0	0	0	0	0	0	0	0	0	1	0	0	0	3	3	0	3	0	0	0	3	3	0	0	0	0	0	0	0	2	2	0	0	2	0	0	0	0	3	0	3	3	0	2	2	0	0	0	2	3	0	0	0	0	0	2	0	0	0	2	0	0	0	2	0	0	0	2	2	0	0	0	0	0	0	0
NEW184	0	0	0	1	0	2	0	0	0	3	0	3	0	0	0	0	0	0	3	3	0	0	2	0	0	0	2	3	0	2	0	2	3	0	0	0	0	0	2	2	0	0	3	2	0	0	0	0	3	0	0	2	0	1	0	0	0	0	0	0	0	0	3	0	0	3	0	3	0	0	0	0	2	0	0	0	0	0	0	0	0	0	0	0	0	3	0	0	2	0	0	0	0	3	2	0	2	3	0	2	0	0	2	0	0	0
NEW185	2	0	0	0	2	0	0	3	0	0	0	0	2	0	0	0	2	0	0	0	0	0	0	0	0	0	0	0	3	0	0	0	2	0	3	3	0	0	0	0	2	0	0	2	0	0	0	2	0	0	0	0	0	0	0	0	2	2	2	0	0	0	3	0	2	3	2	2	2	0	0	2	2	0	0	0	0	0	0	0	0	0	0	0	3	0	0	3	2	0	0	0	0	0	2	0	2	0	0	0	2	3	0	0	0	0
NEW186	0	0	0	0	0	0	2	0	0	0	0	0	3	0	0	0	2	0	0	0	0	0	0	0	0	0	0	0	0	0	0	0	3	0	0	0	1	0	0	3	0	0	0	3	3	2	3	0	0	0	3	3	0	0	0	0	0	0	0	2	2	0	0	2	0	0	0	0	3	0	0	3	0	2	2	0	3	0	2	0	0	2	0	0	0	0	0	0	0	0	0	2	0	0	0	2	0	0	0	0	0	2	0	0	0	0
NEW187	3	3	2	0	3	0	3	0	0	0	3	0	0	0	0	2	0	0	0	0	0	0	0	0	0	0	0	0	0	0	0	0	0	0	0	2	0	1	0	0	3	0	0	0	2	0	0	0	0	0	0	0	0	0	0	0	0	2	2	0	0	0	3	0	2	3	2	2	0	0	0	2	2	0	0	0	0	0	0	0	0	0	0	0	0	3	0	0	2	0	0	0	0	3	2	0	0	0	3	0	0	0	0	2	0	0
NEW188	0	0	2	2	0	0	0	0	0	0	2	0	0	0	0	0	0	0	0	0	0	0	0	0	2	2	3	0	0	0	0	3	0	0	3	3	0	0	0	0	2	0	0	2	0	0	0	2	0	0	0	0	0	0	0	0	0	0	0	0	0	0	0	0	0	0	2	2	2	3	0	2	3	3	0	0	0	0	3	0	0	0	0	2	3	0	2	3	0	0	0	0	0	0	0	0	2	0	0	0	2	0	0	3	0	0
NEW189	0	0	0	0	2	0	0	2	0	0	0	2	0	0	1	0	0	3	0	0	0	0	0	0	0	0	0	0	0	0	0	0	0	3	0	0	0	0	0	0	0	0	3	0	3	0	0	0	0	0	0	0	0	0	0	0	0	2	0	0	0	1	0	0	0	0	0	0	0	0	0	0	0	0	0	0	2	0	0	0	2	0	0	0	0	0	0	0	0	0	0	0	0	0	0	0	0	2	2	0	0	3	0	0	0	0
NEW190	2	2	0	2	0	3	0	0	3	0	0	0	0	2	3	0	0	1	2	0	0	0	0	0	3	0	0	0	0	0	0	0	0	0	0	0	0	0	0	0	0	0	3	0	3	0	0	0	0	0	0	0	0	0	0	0	0	1	0	0	0	2	0	0	0	0	3	0	0	0	2	0	0	0	0	0	2	0	3	0	2	0	0	1	0	0	0	0	0	0	0	0	0	0	0	3	0	0	0	0	0	0	0	0	0	3
NEW191	2	2	0	2	0	3	0	0	0	0	0	0	0	2	0	0	0	0	2	0	0	0	0	0	0	0	3	0	0	0	0	3	0	0	3	3	0	0	0	0	2	0	0	2	0	0	0	2	0	0	0	0	0	0	0	0	0	0	0	0	0	0	0	0	0	0	2	2	2	3	0	2	3	3	0	0	0	0	3	0	0	0	0	0	0	0	1	0	0	0	0	0	0	0	0	0	0	2	2	0	0	0	0	3	0	0
NEW192	0	0	0	0	2	0	0	0	0	0	2	0	0	0	0	0	0	0	0	3	0	0	0	2	0	0	0	0	0	0	0	0	3	0	0	0	3	0	2	3	0	0	0	3	3	2	3	0	0	0	3	3	0	0	0	0	0	0	0	2	2	0	0	2	0	0	0	0	3	0	3	3	0	2	2	0	0	0	2	3	0	0	0	0	0	2	3	0	0	2	0	0	0	2	0	0	0	2	2	0	0	0	0	3	0	0
NEW193	2	2	0	2	0	0	0	0	0	0	2	0	3	0	0	0	0	0	0	0	0	0	0	0	0	0	0	3	0	0	0	0	3	0	0	0	0	0	2	3	0	0	0	3	3	2	3	0	0	0	3	3	0	0	0	0	0	0	0	2	2	0	0	2	0	0	0	0	3	0	3	3	0	2	2	0	0	0	2	3	0	0	0	0	0	2	3	0	0	2	0	0	0	2	0	0	0	2	2	0	0	0	0	0	0	0
NEW194	2	2	0	2	0	3	0	0	3	0	0	0	0	2	0	0	0	2	2	0	0	0	0	0	0	0	0	0	0	0	2	0	0	0	0	0	0	0	3	0	0	3	0	0	0	0	0	0	0	0	0	0	3	3	2	0	0	0	0	0	0	0	3	0	0	3	0	3	0	0	0	0	2	0	0	0	0	0	0	0	0	0	0	0	0	3	0	0	2	0	0	0	0	3	2	0	2	3	0	2	0	0	2	0	0	0
NEW195	0	0	0	0	1	0	3	2	0	3	0	0	0	3	0	0	3	0	0	0	2	0	0	0	0	0	3	0	0	0	0	3	0	0	3	3	0	0	0	0	2	0	0	2	0	3	0	2	0	0	0	0	0	0	0	0	0	0	0	0	0	0	0	0	0	0	0	0	0	2	0	0	0	0	3	3	0	2	0	2	0	0	2	0	0	0	0	0	0	0	1	0	0	0	0	3	0	0	0	0	0	0	0	0	0	3
NEW196	0	0	0	0	0	2	0	0	0	0	0	0	0	0	0	0	0	0	3	1	0	0	0	2	0	0	0	0	0	0	0	0	3	0	1	0	0	0	0	0	2	0	0	2	0	0	0	0	0	0	0	0	0	0	0	0	2	2	2	0	0	0	0	0	2	0	0	1	0	0	3	3	0	0	0	0	0	0	0	0	0	0	1	0	0	0	3	0	0	0	0	0	0	0	0	0	0	2	0	0	0	0	0	3	0	0
NEW197	0	0	0	0	2	0	0	0	0	0	0	2	0	0	2	0	0	0	0	0	3	3	0	0	3	0	0	0	2	0	0	0	0	0	0	0	0	0	0	1	0	0	0	3	3	0	3	0	0	0	3	3	0	0	0	0	0	0	0	2	2	0	0	2	0	0	0	3	3	0	3	3	0	2	2	0	0	0	2	0	0	0	2	0	0	2	0	0	0	2	3	0	0	2	0	3	0	0	0	0	0	0	0	0	0	3
NEW198	2	0	0	0	2	0	0	3	0	0	0	0	2	0	0	0	2	0	0	0	0	0	0	0	0	0	0	0	3	0	0	0	2	0	3	3	0	0	0	0	2	0	0	2	0	0	0	2	0	0	0	0	0	0	0	0	2	2	2	0	0	0	0	0	2	0	0	1	0	0	3	3	0	0	0	0	0	0	0	0	0	0	1	0	0	0	0	0	0	0	0	0	0	0	0	0	0	2	2	0	0	3	0	0	0	0
NEW199	0	0	0	0	2	0	0	0	0	0	0	2	0	0	2	0	0	0	0	0	3	3	0	0	3	0	0	0	2	0	0	0	0	0	0	0	0	0	0	1	0	0	0	3	3	0	3	0	0	0	3	3	0	0	0	0	0	0	0	2	2	0	0	2	0	0	0	0	3	0	3	3	0	2	2	0	0	0	2	3	0	0	0	0	0	2	0	0	0	2	0	0	0	2	0	0	0	2	2	0	0	0	0	0	0	0
NEW200	0	0	2	2	0	3	0	0	3	0	0	0	0	2	0	0	0	2	2	0	0	0	0	0	0	0	0	0	0	0	2	0	0	0	0	0	0	0	3	0	0	3	0	0	0	0	0	0	0	0	0	0	3	3	2	0	0	0	0	0	0	0	3	0	0	3	0	3	0	0	0	0	2	0	0	0	0	0	0	0	0	3	0	0	0	0	0	0	0	3	3	3	0	0	0	3	0	0	0	0	0	0	0	0	0	3
NEW201	2	2	0	2	3	3	0	0	0	0	0	0	0	1	0	0	3	2	2	0	0	0	0	0	0	0	3	0	0	0	0	3	0	0	3	3	0	0	0	0	2	0	0	2	0	3	0	2	0	0	0	0	0	0	0	0	0	0	0	0	0	0	0	0	0	0	0	0	0	2	0	0	0	0	0	3	0	2	0	1	3	0	3	0	0	0	0	0	0	0	0	0	0	0	0	0	0	2	2	0	0	0	0	0	0	3
NEW202	2	2	0	2	0	3	0	0	0	0	0	0	0	2	0	0	0	0	2	0	0	0	0	0	0	0	3	0	0	0	0	3	0	0	3	3	0	0	0	0	2	0	0	2	0	0	0	2	0	0	0	0	0	0	0	0	0	0	0	0	0	0	0	0	0	0	2	2	2	3	0	2	3	3	0	0	0	0	3	0	0	0	0	2	3	0	2	3	0	0	0	0	0	0	0	0	2	0	0	0	2	0	0	3	0	0
NEW203	0	0	2	2	0	0	0	0	0	0	2	0	0	0	0	0	0	0	0	0	0	0	0	0	0	2	0	2	3	0	0	0	0	0	0	0	0	0	0	0	0	0	0	0	0	0	0	0	0	0	1	0	2	0	0	0	0	0	0	2	0	0	0	0	0	0	0	0	3	0	0	0	0	2	1	3	0	0	0	0	0	0	2	0	0	0	0	0	0	0	2	0	0	3	0	0	0	0	0	0	0	3	0	0	0	0
NEW204	0	0	2	2	0	0	0	0	0	0	2	0	0	0	0	0	0	0	0	0	0	0	0	0	0	2	0	2	3	0	0	0	0	0	0	0	0	0	0	0	0	0	0	0	0	0	0	0	0	0	1	0	2	0	0	0	0	0	0	2	0	0	0	0	0	0	0	0	3	0	0	0	0	2	1	3	0	0	0	0	0	0	2	0	0	0	0	0	0	0	2	0	0	3	0	0	0	0	0	0	0	3	0	0	0	0
NEW205	0	0	0	0	0	3	0	0	0	0	0	0	0	3	0	0	3	0	0	0	0	0	0	0	0	0	3	0	0	0	0	3	0	0	3	3	0	0	0	0	2	0	0	2	0	0	0	2	2	3	0	0	0	0	0	0	0	3	0	0	0	3	0	0	0	0	0	0	0	0	0	0	0	0	0	0	2	0	0	0	2	0	0	0	0	0	3	0	0	0	0	0	0	0	0	0	0	2	1	3	0	0	0	3	2	0
NEW206	2	2	0	2	0	0	0	0	0	0	2	0	3	0	0	0	0	0	0	0	0	0	0	0	0	0	3	0	0	0	0	3	0	0	3	3	0	0	0	0	2	0	0	2	0	0	0	2	2	3	0	0	0	0	0	0	0	3	0	0	0	3	0	0	0	0	0	0	0	0	0	0	0	0	0	0	2	0	0	0	2	0	0	0	0	0	0	0	0	0	0	0	0	0	0	0	0	2	2	0	0	3	0	0	0	0
NEW207	2	0	0	0	2	0	0	3	0	0	0	0	1	0	0	0	2	0	0	0	0	0	0	0	0	0	0	0	0	0	0	0	0	0	0	0	1	0	0	3	0	0	0	3	3	2	3	0	0	0	0	3	0	0	0	0	0	0	0	2	0	0	0	0	0	0	0	0	3	0	0	3	0	2	0	0	3	0	2	0	0	2	0	0	0	0	0	0	0	0	0	2	0	0	0	2	0	0	0	0	0	2	0	0	0	0
NEW208	0	0	0	0	0	0	0	0	0	0	0	0	0	0	0	0	0	3	0	0	0	0	0	0	2	2	3	0	0	0	0	3	0	0	3	3	0	0	0	0	2	0	0	2	0	0	0	2	0	0	0	0	0	0	0	0	0	0	0	0	0	0	0	0	0	0	2	2	2	3	0	2	3	3	0	0	0	0	3	0	0	0	0	2	3	0	2	3	0	0	0	0	0	0	0	0	2	0	0	0	2	0	0	3	0	0
NEW209	0	0	0	0	0	0	0	3	0	0	0	0	2	0	0	0	2	0	0	0	0	0	0	2	0	0	0	0	0	3	0	0	0	2	0	0	0	0	0	0	0	0	0	0	0	0	0	3	0	0	0	0	0	0	0	2	0	0	0	0	0	0	0	0	0	0	3	0	0	0	2	0	0	0	0	0	0	3	0	0	0	0	2	0	0	0	0	0	0	0	0	3	0	0	0	0	0	0	0	0	0	0	0	0	0	3
